public/data/weather/current/wind.json
{"header": { "discipline": 0, "disciplineName": "Meteorological products", "gribEdition": 2, "gribLength": 131858, "center": 7, "centerName": "US National Weather Service - NCEP(WMC)", "subcenter": 0, "refTime": "2014-01-31T00:00:00.000Z", "significanceOfRT": 1, "significanceOfRTName": "Start of forecast", "productStatus": 0, "productStatusName": "Operational products", "productType": 1, "productTypeName": "Forecast products", "productDefinitionTemplate": 0, "productDefinitionTemplateName": "Analysis/forecast at horizontal level/layer at a point in time", "parameterCategory": 2, "parameterCategoryName": "Momentum", "parameterNumber": 2, "parameterNumberName": "U-component_of_wind", "parameterUnit": "m.s-1", "genProcessType": 2, "genProcessTypeName": "Forecast", "forecastTime": 3, "surface1Type": 103, "surface1TypeName": "Specified height level above ground", "surface1Value": 10, "surface2Type": 255, "surface2TypeName": "Missing", "surface2Value": 0, "gridDefinitionTemplate": 0, "gridDefinitionTemplateName": "Latitude_Longitude", "numberPoints": 65160, "shape": 6, "shapeName": "Earth spherical with radius of 6,371,229.0 m", "gridUnits": "degrees", "resolution": 48, "winds": "true", "scanMode": 0, "nx": 96, "ny": 96, "basicAngle": 0, "subDivisions": 0, "lo1": 0, "la1": 90, "lo2": 360, "la2": -90, "dx": 3.75, "dy": 1.875 }, "data":
[rows 25 to 49 of 96, columns 0 to 56 of 96]
2.880479,2.5016098,2.119008,1.7605357,1.4989527,1.3528608,1.4760196,1.843183,1.8152366,1.5735636,1.4184759,1.2439883,0.86112636,0.39262986,0.05812062,-0.100780666,-0.24533127,-0.4272103,-0.517031,-0.40788195,-0.05236301,0.39252973,0.7938291,1.190086,1.7281301,2.372657,3.1210055,3.4379895,1.247303,1.126163,1.1796043,0.8519367,0.9082947,0.7732673,0.7451138,0.68710154,0.5961426,0.61009955,0.5598881,0.5608439,0.5133202,0.38554433,0.21997148,0.118394576,-0.03725412,-0.8981013,-1.1018561,-0.6046309,0.6295605,0.8165569,1.6082282,1.6649991,1.7652174,1.9970461,1.9902645,1.9396461,1.9887592
2.5353909,2.0936031,1.668249,1.2579153,1.0018027,0.8972726,1.1730039,1.6123607,1.5898241,1.4613123,1.3711287,1.1526024,0.67159295,0.15437663,-0.2037565,-0.3753657,-0.5326818,-0.6870598,-0.66891927,-0.4595209,-0.092784226,0.32491532,0.7147132,1.2172316,1.7805518,2.2380695,2.6626465,3.13278,1.2231028,1.0916502,1.0134594,0.72078276,0.6317935,0.5417891,0.56341755,0.4802289,0.46299842,0.48226896,0.43877125,0.41506824,0.328617,0.10380177,-0.008018154,-0.054426793,-0.058249142,-0.7449275,-0.996623,-0.81003785,-0.08579077,0.6409672,1.3630252,2.0470102,2.2077355,2.1797602,2.1422236,2.0669985,2.0032287
2.011167,1.5084133,1.0501119,0.6413166,0.4534841,0.4195514,0.85033834,1.3190246,1.3573741,1.3659092,1.2479354,0.95068353,0.3982045,-0.11469334,-0.45203665,-0.64536333,-0.79968226,-0.8810475,-0.7448955,-0.49554223,-0.16883636,0.23286818,0.66032374,1.2817351,1.7492924,1.9104323,2.0152073,2.32161,1.2077347,1.0088092,0.66725427,0.42027465,0.31821,0.29994074,0.32945913,0.26335198,0.24735004,0.2767851,0.24396054,0.16298835,-0.050404552,-0.28371948,-0.36639622,-0.44317928,-0.37564358,-0.97476244,-1.1090534,-0.9587538,-0.5647336,0.19728734,1.2775798,2.0701663,1.1556287,2.2650704,2.2420094,2.1687672,1.962012
1.363519,0.81688386,0.3519479,0.03386737,-0.05086139,-0.013984764,0.5317664,1.0071265,1.1634507,1.2378453,1.0417584,0.6728797,0.09705502,-0.37498707,-0.6914673,-0.92223966,-1.0570856,-1.0196068,-0.79507804,-0.5599556,-0.27760693,0.15352306,0.68619776,1.3266438,1.5504133,1.4338133,1.3323867,1.3932194,0.89726067,0.87921107,0.47347018,0.22980207,0.054878917,0.008895921,0.06385086,0.019876432,0.033311114,0.07391163,0.0002684894,-0.25851998,-0.4197262,-1.0704215,-1.7509676,-2.017475,-1.582646,-1.5061237,-1.2466227,-1.0486485,-0.7002968,0.14231959,1.2533249,1.5680082,1.2344463,2.3840883,2.1201458,2.0655534,1.7292337
0.6539145,0.12685727,-0.27820784,-0.4752101,-0.4664219,-0.3730566,0.25819963,0.7584073,1.0220784,1.0361834,0.7595235,0.36495665,-0.17389244,-0.59068906,-0.9294587,-1.1906357,-1.2602414,-1.0924387,-0.86657596,-0.6861355,-0.37271008,0.13689815,0.73890895,1.236193,1.1745464,0.8948497,0.7143521,0.49729624,0.55198497,0.8646368,0.39620975,-0.041856706,-0.29455084,-0.3461431,-0.26286876,-0.2659785,-0.13899322,-0.111431286,-0.42634895,-0.7494773,-0.93084353,-2.349395,-2.3822968,-2.3905637,-1.8846593,-1.6614538,-1.2572938,-1.0639683,-0.6050474,0.27611494,1.2157965,1.1949545,1.5661519,2.01503,1.7544261,1.6369051,0.9165193
-0.008541149,-0.47546586,-0.7816418,-0.8617344,-0.8032958,-0.62896216,0.072247416,0.6180523,0.8625306,0.77195144,0.4308989,0.04271429,-0.41708222,-0.8044061,-1.1716667,-1.4102256,-1.3664689,-1.1290818,-0.99743515,-0.82247365,-0.39371526,0.12717381,0.73099124,0.9870378,0.7231466,0.4156279,0.19810753,-0.2081387,0.082841486,1.0069135,0.38930607,-0.35315385,-0.6757853,-0.6831274,-0.60071343,-0.6047879,-0.38079858,-0.4147929,-0.96045935,-2.3051202,-2.566587,-2.9322016,-2.8577974,-2.750547,-2.288618,-1.6989858,-1.2463142,-1.048268,-0.11205934,0.70647657,1.009003,0.9821464,1.3628322,1.5592875,1.2543035,0.9455038,0.33661315
-0.5660133,-0.94752944,-1.1678246,-1.1717856,-1.0938317,-0.7788044,-0.036045518,0.46891534,0.6098553,0.4226188,0.060050324,-0.28579175,-0.65769726,-1.0234632,-1.3879828,-1.5543487,-1.4023366,-1.1934849,-1.1678064,-0.9068252,-0.42399052,0.046705067,0.59357005,0.60857064,0.27642247,0.029421533,-0.24540563,-0.7079463,-0.54444903,1.3003526,0.39217782,-0.56593066,-0.9542758,-0.9770036,-0.9146101,-0.953887,-0.78949314,-0.8825128,-1.7902237,-3.26226,-3.216897,-3.412557,-3.2884405,-3.1039271,-2.5918982,-1.7936964,-1.3472314,-1.0133845,0.123308316,0.52312815,0.71247214,0.8565109,1.1162812,1.0433167,0.5921365,0.15438975,-0.24225453
-1.0329957,-1.3476212,-1.5061206,-1.4859399,-1.371224,-0.88967276,-0.21537642,0.1955997,0.24521925,0.014544445,-0.3257778,-0.5878015,-0.89097047,-1.2270393,-1.5609049,-1.6380736,-1.4402542,-1.3215293,-1.3300018,-0.9752747,-0.572503,-0.11246481,0.30542707,0.16708103,-0.11775207,-0.3187061,-0.6598652,-1.0775528,-0.93864536,0.85797733,0.40369534,-0.5944138,-1.0743561,-1.2310638,-1.2141207,-1.2436668,-1.1069819,-1.316481,-3.033351,-3.7886348,-3.6981885,-3.8477488,-3.677338,-3.3922138,-2.7739384,-1.9279832,-1.3956475,-0.7310635,0.2730547,0.7086517,0.5641501,0.65799505,0.69814366,0.34415495,-0.21806502,-0.6098379,-0.8946455
-1.478668,-1.7274709,-1.832523,-1.7999827,-1.5861689,-1.0267341,-0.49270302,-0.19312312,-0.19804254,-0.40922737,-0.69180125,-0.8576193,-1.115383,-1.4351995,-1.710797,-1.7414745,-1.5622271,-1.5254655,-1.5039597,-1.132518,-0.8027485,-0.3151701,-0.041079924,-0.2585005,-0.46227095,-0.7090648,-1.085852,-1.3624346,-1.1659939,0.2246176,0.3419807,-0.5311191,-1.6136383,-2.5564356,-2.5037105,-2.5797727,-2.3335187,-2.5671363,-3.8050616,-4.1094694,-4.1159244,-4.178685,-3.9379911,-3.5517235,-2.8721943,-2.0321596,-1.1971023,-0.16919574,0.73116654,1.1968185,0.34785417,0.31185696,0.04905631,-0.5163906,-1.0574685,-1.2680284,-1.4845265
-1.8961864,-2.0856736,-2.1375198,-2.0660908,-1.7151873,-1.1988424,-0.82884115,-0.64495826,-0.6507806,-0.8274155,-1.003168,-1.1063755,-1.3458626,-1.6738256,-1.8845563,-1.9067944,-1.7828528,-1.7770579,-1.719998,-1.3619097,-1.016529,-0.51581585,-0.3785835,-0.61417395,-0.83898497,-1.16558,-1.5100633,-1.5912517,-1.2974054,-0.13281779,0.10146996,-0.5689717,-2.3912234,-3.4627802,-3.172024,-3.2787943,-3.1120033,-3.4383922,-4.202365,-4.3673797,-4.3818235,-4.311453,-3.9980283,-3.5850673,-3.0171156,-2.2895365,-1.2147809,0.1434206,0.78273845,0.93395734,0.022609139,-0.27006957,-0.7743997,-1.3939466,-1.7910656,-1.7797278,-1.9307994
-2.2687843,-2.4085286,-2.4044633,-2.2610886,-1.8204988,-1.4056779,-1.1832972,-1.0550014,-1.0414379,-1.1748246,-1.258507,-1.3579683,-1.6172765,-1.9360723,-2.074373,-2.1121588,-2.0471587,-2.0236664,-1.9161227,-1.5422829,-1.1631728,-0.7133549,-0.7252248,-0.9901017,-1.2485864,-1.5998015,-1.851226,-1.743463,-1.390289,-0.46803665,-0.23847595,-0.64228374,-3.0111425,-4.1629057,-3.5896876,-3.6100821,-3.5606325,-3.8781962,-4.364762,-4.4689016,-4.3849444,-4.20606,-3.9119275,-3.6937044,-3.5531616,-2.9148912,-1.410158,0.103695035,0.19827192,0.18962248,-0.4698533,-1.0756625,-1.6445382,-2.124427,-2.3383896,-2.1631331,-2.2585876
-2.6014667,-2.701394,-2.6270266,-2.4222257,-1.9710195,-1.663448,-1.5258466,-1.3964593,-1.3499207,-1.4458075,-1.5016185,-1.6235825,-1.9044756,-2.1567836,-2.2655177,-2.3454275,-2.2797654,-2.2118971,-2.0140002,-1.6308728,-1.2386463,-0.95331705,-1.0968353,-1.366137,-1.6166073,-1.917986,-2.039956,-1.8144087,-1.4858319,-0.9644187,-0.6905271,-0.5886833,-3.434475,-4.5814977,-3.8194425,-3.8017406,-3.802261,-4.054425,-4.349742,-4.315013,-4.1404023,-4.0008254,-3.957417,-4.181822,-4.559293,-2.887815,-0.74634445,-0.028959397,-0.7230276,-0.745651,-1.0396445,-1.8090973,-2.4002202,-2.6657314,-2.7259288,-2.474511,-2.5376596
-2.919767,-2.9729033,-2.8258045,-2.6079946,-2.1879692,-1.9563673,-1.8551583,-1.7074063,-1.6306548,-1.7035669,-1.7781413,-1.9036322,-2.1577737,-2.3391595,-2.4660258,-2.5285356,-2.386869,-2.287203,-1.9849216,-1.651642,-1.2852211,-1.2123828,-1.4369723,-1.6965209,-1.8980517,-2.1209059,-2.1190352,-1.8629789,-1.6214277,-1.4922068,-1.2584053,-0.533169,-3.2367098,-4.94818,-3.9964783,-3.9821181,-3.9102747,-4.058143,-4.1616235,-4.007446,-3.8713405,-3.9755373,-4.3579817,-5.029631,-5.100027,-2.1856525,-0.32308254,-0.43998325,-0.938164,-1.0945165,-1.7356938,-2.2119002,-2.906764,-3.061697,-3.0106766,-2.7718472,-2.8406675
-3.2233586,-3.2124777,-3.0014482,-2.7940803,-2.41159,-2.227115,-2.1446557,-1.9916645,-1.8947307,-1.9783249,-2.0746472,-2.1763463,-2.3345716,-2.4859657,-2.6041322,-2.5336194,-2.3543844,-2.2295294,-1.9250497,-1.6389142,-1.3723816,-1.4679573,-1.7248883,-1.9424353,-2.091985,-2.2545316,-2.1552577,-1.9338139,-1.7848552,-1.8579997,-1.7783052,-0.99445397,-2.1079147,-5.2045507,-4.3244076,-4.1641574,-3.9584541,-3.9933467,-3.9466915,-3.7767715,-3.8296115,-4.2798514,-5.0578575,-5.9367104,-5.0512,-1.5995712,-0.4362177,-1.0046564,-1.608145,-1.6936681,-2.0026438,-2.4593093,-3.1633484,-3.3066964,-3.206216,-3.06191,-3.1652184
-3.4319773,-3.3224359,-3.0713472,-2.8492727,-2.5180137,-2.3762507,-2.2938204,-2.1569455,-2.0742083,-2.1933472,-2.2987375,-2.323898,-2.3872347,-2.5377057,-2.5874765,-2.4041603,-2.2669382,-2.1301332,-1.9036229,-1.6246126,-1.4980104,-1.6782178,-1.9286269,-2.1027503,-2.2268841,-2.3229487,-2.1655219,-2.0060387,-1.9127333,-2.0109246,-1.8675313,-1.1379749,-2.0910878,-4.1525126,-5.022794,-4.3170133,-4.00263,-3.9594789,-3.83387,-3.7498584,-4.0711203,-4.8263683,-5.82808,-6.6195316,-3.9811478,-1.4106696,-0.82837117,-1.6056465,-2.0359383,-2.0125897,-1.7202554,-2.413551,-3.3178241,-3.359235,-3.2956629,-3.2627954,-3.3977938
-3.3979578,-3.181177,-2.9072516,-2.6687734,-2.3985238,-2.2744465,-2.1812613,-2.0645435,-2.0155191,-2.1676233,-2.287205,-2.2259862,-2.2497153,-2.4000156,-2.3801112,-2.2128215,-2.1244137,-2.0233018,-1.8402555,-1.5901208,-1.5980611,-1.7943304,-2.0138397,-2.1570754,-2.2773938,-2.2785373,-2.1226542,-2.0322216,-1.9428134,-1.9846411,-1.6935132,-1.2624862,-2.2746608,-5.5959287,-5.609426,-4.3929315,-4.03554,-3.9610524,-3.8341908,-3.9131877,-4.4805136,-5.404447,-6.4088593,-7.018599,-3.2051249,-1.5313191,-1.4147285,-2.0994546,-2.3038883,-2.009222,-1.8901368,-2.525522,-3.4332452,-3.3035288,-3.2956972,-3.3318512,-3.4851327
-3.005726,-2.7108018,-2.4253607,-2.221934,-1.9854805,-1.8130049,-1.6868929,-1.5995715,-1.5406253,-1.7413094,-1.8768308,-1.7883776,-1.8212624,-1.966263,-1.9370016,-1.858748,-1.82564,-1.7651601,-1.6064667,-1.4769545,-1.5688133,-1.7411884,-1.9317133,-2.051696,-2.1770985,-2.108437,-2.0246606,-1.9852047,-1.8872617,-1.9202324,-1.7206659,-1.2034401,-1.987933,-6.6563697,-5.663699,-4.3370867,-4.0062103,-3.9345164,-3.8886998,-4.188555,-4.9082236,-5.8264046,-6.663152,-6.893734,-3.0219977,-1.420815,-1.6447597,-2.2766905,-2.4251707,-1.8517745,-2.0260992,-2.670504,-3.5271149,-3.384811,-3.3322096,-3.4306908,-3.6430945
-2.233347,-1.9293289,-1.675236,-1.507157,-1.2552557,-1.0119731,-0.85648656,-0.74420756,-0.6755089,-0.8676736,-0.98853314,-0.9514856,-1.0374135,-1.1652457,-1.1768154,-1.2051151,-1.2242188,-1.2096603,-1.144063,-1.1789215,-1.2895259,-1.4347667,-1.6133317,-1.7327837,-1.8691024,-1.8390342,-1.8520805,-1.871895,-1.8263569,-1.9623947,-2.0411942,-1.8240561,-2.8206942,-6.493857,-5.2252975,-4.0898204,-3.8391552,-3.8090672,-3.8884137,-4.414168,-5.212789,-5.9914722,-6.586829,-5.6163697,-1.9774976,-0.7665147,-1.285422,-1.959666,-1.8748587,-1.222324,-1.8757248,-3.1470613,-3.2387564,-3.738316,-3.6869245,-3.836539,-4.005455
-1.2479198,-0.9996693,-0.80614644,-0.6406055,-0.36495024,-0.09963469,0.046062782,0.19667207,0.27310693,0.1915695,0.1576496,0.1358824,0.020450916,-0.097702354,-0.1304032,-0.22619312,-0.29665872,-0.37963325,-0.44689903,-0.58764374,-0.6863311,-0.8191142,-0.9934464,-1.1435367,-1.2988294,-1.385217,-1.4966925,-1.6161513,-1.6922835,-1.9910485,-2.3612947,-2.680851,-3.7776284,-5.889664,-4.5173793,-3.7251334,-3.6855495,-3.8276038,-4.010588,-4.51432,-5.281987,-5.857788,-6.161937,-3.0680912,-0.8109931,0.22294922,-0.3019434,-0.87189496,-1.0285194,-1.1143426,-2.1607082,-3.157605,-3.3743162,-3.9483042,-4.388065,-4.2794676,-3.8620744
-0.31126022,-0.12941852,0.018661248,0.1917802,0.4361047,0.66871357,0.8026913,0.9543962,1.0165772,1.033307,1.0763621,1.0749551,1.0075742,0.9265437,0.92344093,0.83536464,0.78644705,0.6391834,0.52710795,0.34936574,0.2518115,0.11448592,-0.048890613,-0.23165679,-0.39324293,-0.5928381,-0.77431,-0.97641337,-1.1957682,-1.620503,-2.178995,-2.77447,-3.7486167,-4.7443995,-3.78439,-3.5389967,-3.9720225,-4.307919,-4.4043674,-4.574994,-5.301675,-5.47391,-5.358118,-1.0327867,0.11100585,0.8632648,0.57206446,0.25762036,-0.1134712,-0.9296948,-2.3414116,-3.0111642,-3.439084,-3.5216863,-3.8190958,-3.4535503,-2.7698674
0.3176634,0.45248842,0.5843989,0.7325509,0.9014028,1.0790546,1.2040098,1.3302978,1.36904,1.414651,1.4742358,1.5170653,1.5232067,1.521635,1.5447795,1.5246211,1.5438744,1.4744434,1.4384981,1.3277717,1.2575952,1.1527481,1.0379682,0.88376695,0.7173293,0.48733875,0.29880393,0.06776363,-0.25314975,-0.76091135,-1.3969927,-2.1123445,-2.917769,-3.494962,-3.2163086,-3.571413,-4.351485,-3.7785325,-3.5005786,-4.0452676,-5.305311,-5.103011,-4.3627257,-0.27660277,0.38426268,0.7971969,0.82735133,0.7209917,0.4143132,-0.49413848,-2.0182815,-2.848194,-2.8187537,-2.9288902,-2.9742274,-2.9732425,-2.2010052
0.3845194,0.49010652,0.60491496,0.70649064,0.8186882,0.9385141,1.0635897,1.1654285,1.2201595,1.2832553,1.3507875,1.4225328,1.4711254,1.541484,1.5826157,1.6419705,1.6852925,1.7230144,1.764648,1.7604091,1.7497785,1.7261051,1.6753824,1.6007363,1.4716302,1.3031439,1.1412997,0.9046752,0.5636444,0.044398524,-0.5879999,-1.3081986,-2.0538685,-2.6257331,-2.9178426,-3.5918741,-4.0104384,-1.9283297,-3.0267038,-3.542321,-4.0119233,-4.58746,-3.7082326,-0.3601445,0.14722276,0.54998964,0.66733164,0.66315514,0.5413788,0.027203124,-1.1101522,-2.1298764,-2.3114002,-2.4841983,-2.4091308,-1.8308514,-1.3754668
-0.11539892,-0.027021393,0.062727,0.1512149,0.24625207,0.3535688,0.4850963,0.59242994,0.6840439,0.7754679,0.8678768,0.966178,1.0515294,1.1617924,1.2413607,1.3443009,1.3878683,1.4504889,1.5043411,1.5263748,1.5446982,1.5358702,1.5060858,1.4579934,1.3787198,1.2698561,1.1188966,0.87731206,0.5533076,0.102265865,-0.45521277,-1.1041156,-1.7916617,-2.4694126,-3.051469,-3.6550605,-3.1937191,-0.94158125,-1.7157604,-2.2142863,-3.3928955,-3.473411,-3.211075,-1.1344427,-0.30245423,0.3172891,0.38469964,0.44219404,0.43348908,0.34509575,-0.11027018,-1.0032958,-1.4916673,-1.8138164,-1.6656458,-0.9687194,-0.72701746
-0.87253046,-0.79488033,-0.7208696,-0.6206559,-0.52392733,-0.38947323,-0.25226146,-0.123950705,0.008678329,0.13247174,0.26939818,0.39579293,0.52861196,0.653974,0.7715274,0.86597633,0.91427624,0.9503169,1.000156,0.9962174,0.99719036,0.94065416,0.8809105,0.7934587,0.69629365,0.57299984,0.40757912,0.17821932,-0.12171151,-0.5149861,-1.0170465,-1.6102266,-2.2147958,-2.7043285,-3.2417963,-3.5696633,-2.4196835,-0.5256923,-0.8048105,-0.6469444,-1.6599984,-2.5429194,-2.035162,-1.615203,-0.89063215,-0.07777509,0.01239505,0.20828779,0.23229572,0.2875867,0.20383358,-0.40343618,-0.9497889,-1.2091264,-1.0840412,-0.655119,-0.40722016
-1.5001314,-1.4394236,-1.3741581,-1.2678264,-1.1558328,-1.0079288,-0.86134964,-0.71369094,-0.5374075,-0.37186688,-0.17124492,-0.00675819,0.17923227,0.32723498,0.4799841,0.569893,0.6376513,0.6472886,0.69534737,0.6708562,0.65627986,0.5750859,0.4860929,0.37464914,0.23717494,0.07784013,-0.08767506,-0.2926024,-0.53873056,-0.8535952,-1.2335343,-1.6510789,-1.9952688,-2.2053027,-2.5941775,-2.9417975,-1.709432,-0.42403686,-0.47766364,-0.14629538,-0.544964,-1.0913467,-1.3053012,-1.3765395,-1.2356575,-0.66992813,-0.3607617,0.083652526,0.054085467,-0.030133845,-0.16036984,-0.60885423,-0.96677333,-1.0628191,-0.9683407,-0.71681064,-0.4994779
