public/data/weather/current/wind.json
{"header": { "discipline": 0, "disciplineName": "Meteorological products", "gribEdition": 2, "gribLength": 131858, "center": 7, "centerName": "US National Weather Service - NCEP(WMC)", "subcenter": 0, "refTime": "2014-01-31T00:00:00.000Z", "significanceOfRT": 1, "significanceOfRTName": "Start of forecast", "productStatus": 0, "productStatusName": "Operational products", "productType": 1, "productTypeName": "Forecast products", "productDefinitionTemplate": 0, "productDefinitionTemplateName": "Analysis/forecast at horizontal level/layer at a point in time", "parameterCategory": 2, "parameterCategoryName": "Momentum", "parameterNumber": 2, "parameterNumberName": "U-component_of_wind", "parameterUnit": "m.s-1", "genProcessType": 2, "genProcessTypeName": "Forecast", "forecastTime": 3, "surface1Type": 103, "surface1TypeName": "Specified height level above ground", "surface1Value": 10, "surface2Type": 255, "surface2TypeName": "Missing", "surface2Value": 0, "gridDefinitionTemplate": 0, "gridDefinitionTemplateName": "Latitude_Longitude", "numberPoints": 65160, "shape": 6, "shapeName": "Earth spherical with radius of 6,371,229.0 m", "gridUnits": "degrees", "resolution": 48, "winds": "true", "scanMode": 0, "nx": 96, "ny": 96, "basicAngle": 0, "subDivisions": 0, "lo1": 0, "la1": 90, "lo2": 360, "la2": -90, "dx": 3.75, "dy": 1.875 }, "data":
[rows 0 to 24 of 96, columns 0 to 56 of 96]
0.014468667,0.014468667,0.014468667,0.014468667,0.014468667,0.014468667,0.014468667,0.014468667,0.014468667,0.014468667,0.014468667,0.014468667,0.014468667,0.014468667,0.014468667,0.014468667,0.014468667,0.014468667,0.014468667,0.014468667,0.014468667,0.014468667,0.014468667,0.014468667,0.014468667,0.014468667,0.014468667,0.014468667,0.014468667,0.014468667,0.014468667,0.014468667,0.014468667,0.014468667,0.014468667,0.014468667,0.014468667,0.014468667,0.014468667,0.014468667,0.014468667,0.014468667,0.014468667,0.014468667,0.014468667,0.014468667,0.014468667,0.014468667,0.014468667,0.014468667,0.014468667,0.014468667,0.014468667,0.014468667,0.014468667,0.014468667,0.014468667
-1.0875058,-1.1046991,-1.1086282,-1.1141917,-1.1125891,-1.1027004,-1.0825268,-1.0497295,-1.0066886,-0.9504956,-0.9008577,-0.8570971,-0.79805326,-0.7225529,-0.6504924,-0.581695,-0.50988984,-0.43413422,-0.3561519,-0.27981523,-0.20057862,-0.12128232,-0.04338925,0.03340554,0.10719389,0.17837262,0.24526729,0.3064667,0.36362606,0.41507244,0.45968002,0.49791828,0.5307399,0.5567293,0.57648873,0.59131557,0.6012279,0.60727847,0.6102378,0.6109609,0.61096555,0.6101967,0.6085896,0.6079055,0.6087958,0.6112784,0.6154517,0.6208033,0.62837553,0.6382226,0.6486797,0.66072816,0.67358994,0.68598914,0.6981679,0.7093472,0.717714
-0.99771523,-0.81570023,-0.8091818,-0.82645077,-0.8601594,-0.9072114,-0.9859743,-1.1056762,-1.2573936,-1.4921229,-1.4651783,-1.3071544,-1.2907822,-1.2461324,-1.136488,-0.98976606,-0.8427166,-0.703386,-0.56966937,-0.43012598,-0.29901168,-0.17140928,-0.050683703,0.062269244,0.16886728,0.26990992,0.3582794,0.43599626,0.50356025,0.5578684,0.6003146,0.6308304,0.64793634,0.6516033,0.64310247,0.62373513,0.5940214,0.5562688,0.5129887,0.4672328,0.42222273,0.37908894,0.3401901,0.30753046,0.28430516,0.27073365,0.26772925,0.27404493,0.29029155,0.31739426,0.35117716,0.39310083,0.43991992,0.49119762,0.5452133,0.6006926,0.65448976
-0.6730057,0.35073748,0.4983089,0.46097347,0.3695791,0.2905707,0.124153435,-0.1400389,-0.5193901,-1.1860025,-1.3115275,-1.2953813,-1.2601898,-1.7382685,-1.6606038,-1.4794695,-1.3088207,-1.1225598,-0.8909122,-0.68845034,-0.48552102,-0.29609638,-0.124743514,0.034880523,0.1827231,0.31574845,0.43121082,0.52866715,0.6072091,0.66498905,0.7061448,0.7266824,0.7301008,0.7140005,0.67981297,0.63114667,0.56751364,0.49163237,0.4062143,0.3148004,0.22259091,0.13356933,0.05164016,-0.01914226,-0.07404489,-0.10912914,-0.12265441,-0.11589234,-0.086946286,-0.03822682,0.025143472,0.102373555,0.19100116,0.28682894,0.38756794,0.49185455,0.59705573
-0.6442786,0.37806,0.13042445,-0.07340414,-0.20566967,-0.23465511,-0.258973,-0.32704553,-0.44545692,-0.65358907,-0.73868984,-0.73711914,-0.64741766,-0.8060356,-0.98549616,-1.2037041,-1.3439758,-1.2008551,-0.96314776,-0.86045575,-0.56813014,-0.33139586,-0.105362624,0.050614804,0.18805966,0.31747195,0.42788363,0.5146805,0.60869735,0.66803664,0.7087189,0.7265793,0.7205934,0.6946376,0.6526652,0.5929222,0.51637745,0.42684937,0.32392478,0.20919979,0.089745805,-0.031176215,-0.1464173,-0.25026166,-0.33833456,-0.40152732,-0.43875572,-0.44470233,-0.41896832,-0.3634339,-0.28248656,-0.18035431,-0.060255203,0.07349132,0.21744321,0.36937383,0.52356625
-0.605912,-0.44560894,-0.91517675,-1.1531461,-1.1122941,-0.99126047,-0.8387019,-0.77662003,-0.76336825,-0.7431877,-0.76337576,-0.6601619,-0.40746152,-0.43092975,-0.5852554,-0.6462071,-0.6058649,-0.53506863,-0.7155463,-0.713291,-0.30629316,-0.020446224,0.17343408,0.23183212,0.3442293,0.45708463,0.38818058,0.24223101,0.3187109,0.38440272,0.45525694,0.5074035,0.539723,0.54383105,0.5264342,0.48568735,0.42724556,0.35150605,0.26129347,0.1569579,0.039875098,-0.08785885,-0.21490042,-0.34007025,-0.45188472,-0.5478703,-0.61793154,-0.6555517,-0.6553839,-0.6163996,-0.541114,-0.43364114,-0.3019764,-0.14916646,0.020496653,0.20299062,0.393453
-1.2866234,-1.2664325,-1.472046,-1.412514,-1.1253113,-0.8935581,-0.69398177,-0.6351538,-0.5727336,-0.5236776,-0.47904167,-0.4197596,-0.28302732,-0.41579393,-0.5710172,-0.60203254,-0.5530371,-0.43882564,-0.33290726,-0.20707393,-0.031709623,0.070717044,0.09617178,0.11075813,0.18220139,0.2348199,0.17821291,0.16590226,0.13368629,-0.0135467,-0.061704554,0.081980065,0.19534983,0.27727285,0.32778245,0.3441066,0.3370701,0.30811897,0.25954106,0.18626104,0.08932058,-0.031201132,-0.16076978,-0.29596505,-0.428933,-0.5552129,-0.6648319,-0.74671763,-0.7869514,-0.77908915,-0.7241634,-0.6280201,-0.49971825,-0.35069442,-0.17997584,0.002240771,0.19518405
-1.6796764,-1.6329033,-1.5577232,-1.42137,-1.1706287,-0.9439754,-0.8254989,-1.1378583,-0.7690851,-0.22994488,-0.47917062,-0.30628255,-0.25550637,-0.4125995,-0.46353212,-0.3793859,-0.23963936,-0.11536722,-0.09679626,-0.16863632,-0.21934232,-0.17484589,-0.12085759,-0.03862636,0.070672184,0.13169977,0.12018026,0.07311092,-0.022030275,-0.17053184,-0.38362968,-0.34206015,-0.15745418,-0.009865302,0.12911205,0.24082893,0.3121548,0.36428067,0.37127438,0.34200233,0.2694605,0.14371754,-0.003960448,-0.14667532,-0.29696324,-0.45222723,-0.6008927,-0.73197496,-0.8178259,-0.84555125,-0.8157941,-0.73697305,-0.62389433,-0.49001583,-0.34014642,-0.18124396,-0.00048124493
-2.3771582,-3.4637966,-2.6945603,-2.1369452,-1.6198124,-1.1747283,-0.7310557,-0.32383546,0.056621604,0.20413077,0.2961013,0.19900246,-0.1690638,-0.43889126,-0.43163422,-0.118393995,-0.020227429,-0.042575397,-0.1695688,-0.3511892,-0.3962322,-0.27456185,-0.15778694,-0.012305248,0.099152945,0.11761855,0.046239715,-0.12257064,-0.17166299,-0.14093132,-0.28522086,-0.6176757,-0.43313512,-0.20651244,0.03377578,0.27785546,0.43924558,0.5808858,0.6556294,0.7132768,0.6446456,0.5042845,0.27562967,0.053175967,-0.13778722,-0.32257205,-0.5063321,-0.68145436,-0.8035882,-0.85143137,-0.8306062,-0.7650065,-0.6729127,-0.5725514,-0.45319086,-0.30945224,-0.11823924
-2.9406466,-2.3142567,-1.6324788,-1.0618099,-0.5606411,-0.17123571,0.14448895,0.4132894,0.62629724,0.7444853,0.7854993,0.7843407,0.63431495,0.5053157,0.41681173,0.07763571,-0.11162765,-0.3191024,-0.55602646,-0.5891846,-0.28342408,-0.08346402,-0.031725183,0.14613679,0.19747007,0.117916934,-0.0077555985,-0.13215195,-0.16350937,-0.1836252,-0.3225359,-0.5257008,-0.5690487,-0.24049929,0.13403349,0.5626753,0.75768095,0.81895417,0.49295297,0.4664381,0.3888594,0.36793682,0.34369898,0.5387217,0.31610078,-0.012149784,-0.3508298,-0.7172685,-0.9317123,-0.96738803,-0.9084671,-0.8012765,-0.6669956,-0.534958,-0.5070021,-0.41580117,-0.24985176
-1.6404234,-0.95021844,-0.39079985,0.074034475,0.3918964,0.6060623,0.7806721,0.9399361,1.068485,1.1204602,1.0571892,0.8900091,0.6512496,0.4438557,0.33404997,0.19325992,-0.31519756,-0.7015064,-1.1149472,-0.51730657,0.0958378,0.15256985,0.026123041,0.050625045,-0.0022748888,-0.029198261,0.046821624,0.06615649,-0.015842084,-0.0543766,-0.18100718,-0.5553223,-0.53000855,-0.14947791,0.3593756,0.621584,0.5164832,0.4917318,0.453014,0.44267064,0.47934085,0.46319604,0.43818375,0.6921274,0.6792008,0.5225952,0.1613871,-0.1876432,-0.6108439,-1.0032246,-1.060274,-0.8876965,-0.5984743,-0.43447518,-0.5832822,-0.5102878,-0.52245665
-0.23729944,0.31827798,0.7207473,0.97594905,1.1075842,1.18313,1.24386,1.3188993,1.4013544,1.4304937,1.3296338,1.0644256,0.66272813,0.25457358,-0.042342633,-0.25853735,-0.4451129,-0.60477954,-0.6775428,-0.2521378,0.06796005,-0.14317521,-0.40718582,-0.3767293,-0.26844358,-0.13616946,0.18854542,0.4604456,0.30871564,0.21184802,0.10546414,-0.11157296,-0.41517657,-0.020976227,0.5842452,0.8288621,0.5529492,0.4853021,0.44377238,0.5091198,0.5845199,0.56690824,0.70920444,0.75004214,0.67519104,0.40863958,0.07675943,-0.033157974,-0.19246505,-0.48430264,-0.63499796,-0.6621299,-0.35793257,-0.6432322,-1.2919351,-0.780831,-0.84550565
0.9404383,1.3225898,1.5601779,1.6725657,1.6931902,1.6699874,1.6263084,1.6104182,1.637403,1.6498245,1.5194972,1.1949722,0.6930463,0.15566382,-0.25059775,-0.5274461,-0.7238269,-0.827872,-0.7797078,-0.417862,-0.4231358,-0.6652633,-0.99705833,-0.6702292,-0.02675993,0.5340954,1.0374893,1.0666747,0.79933816,0.4129179,0.21865487,-0.034016453,-0.288874,0.0849971,0.746964,1.0372425,0.668395,0.5360725,0.4940861,0.56783104,0.63079506,0.6550319,0.93858755,0.9310494,0.67560977,0.16978589,-0.22446853,-0.36350727,-0.5500722,-0.4508555,-0.41763112,-0.5961459,-0.84922504,-1.4317758,-1.5631074,-1.1434865,-0.8540914
1.8158127,2.038028,2.1598165,2.179554,2.127161,2.028698,1.9074862,1.8118418,1.7653425,1.7319697,1.5727372,1.2152951,0.69753104,0.13606152,-0.30318606,-0.5793878,-0.738916,-0.8139282,-0.7813777,-0.59850776,-0.38623777,-0.30777916,-0.15253021,0.32548597,1.0871342,1.9672552,3.148939,1.5015904,1.091768,0.5790914,0.34032595,0.009342405,-0.1302546,0.17112379,0.80946934,0.94094735,0.7796895,0.626857,0.59298825,0.67051697,0.70256007,0.744118,1.0769695,1.0369021,0.65274954,-0.0138526205,-0.4307731,-0.5576829,-0.6037982,-0.42977104,-0.5745074,-0.8767296,-2.2499604,-1.6873312,-1.2586125,-0.8420493,-0.57926816
2.4229796,2.5513918,2.5858295,2.5161896,2.4175978,2.2756565,2.1006205,1.9278327,1.7927185,1.6823868,1.477073,1.1276474,0.6646791,0.16454487,-0.25436682,-0.5072978,-0.5995065,-0.5873267,-0.5342825,-0.45540288,-0.31649828,-0.12324947,0.18059106,0.6788276,1.464866,2.5038795,4.126892,1.5930825,1.0945561,0.79416037,0.48519486,0.09190098,0.09245846,0.23550192,0.76778173,1.099354,0.8157749,0.7345192,0.6677426,0.7286572,0.7442569,0.79843354,1.1221547,1.1194867,0.64625734,-0.14349996,-0.526789,-0.6234547,-0.46579167,-0.39139727,-0.7050903,-0.8921257,-1.8335177,-1.0048128,-0.4731567,-0.23021147,-0.1958955
2.8643563,2.9269726,2.8790953,2.733779,2.591043,2.4348261,2.2243617,1.9741427,1.7452464,1.5513519,1.3022906,1.0047086,0.6477879,0.25111875,-0.12320688,-0.360792,-0.4011646,-0.31252176,-0.22532587,-0.15544558,-0.030206127,0.14920358,0.46299803,0.9194099,1.6079524,2.6195807,4.258198,1.6280406,1.337756,1.0293392,0.66497487,0.26478338,0.43804085,0.38523182,0.6631461,1.4458933,0.8114208,0.797629,0.6906689,0.7145157,0.73774254,0.7695797,0.94868255,1.0340049,0.5505523,-0.27361777,-0.6664489,-0.75401974,-0.5636246,-0.5390021,-0.84216875,-1.2285283,-1.0742147,0.1408674,0.4896238,0.5063616,0.33869937
3.1691804,3.1552606,3.0328813,2.8508484,2.6946652,2.531074,2.2876215,1.973683,1.6839702,1.4511281,1.2221946,1.0065478,0.7407487,0.427185,0.08231785,-0.165324,-0.1892811,-0.065508746,0.04029881,0.13060087,0.27530262,0.46249464,0.69670737,1.0495942,1.6173335,2.5157087,4.0375085,1.9330616,1.569813,1.2422847,0.8596627,0.5360405,0.9312461,0.6937528,0.5924474,1.4562576,1.0066295,0.86277694,0.75185776,0.7355143,0.74344265,0.7178455,0.80783206,0.9250151,0.4000139,-0.40567133,-0.7048146,-0.7436742,-0.58252907,-0.6548429,-0.95513463,-1.5674119,-0.04635302,0.44968772,0.40352684,0.40417588,0.55853003
3.3418624,3.2526767,3.0721686,2.901416,2.751396,2.5831409,2.3109,1.9805094,1.6839257,1.4698621,1.3186175,1.1676072,0.93841845,0.64316833,0.29692248,0.041559048,0.019444516,0.16382267,0.2708586,0.34796405,0.46600372,0.64114815,0.8416513,1.1144183,1.566012,2.3580847,3.6868641,2.594285,1.7297814,1.3593489,1.0397732,0.840676,1.0001769,1.2614217,0.7637184,1.4212034,1.3359228,0.90556157,0.7311855,0.65855616,0.6700494,0.6892984,0.808064,0.86753327,0.23267756,-0.52219063,-0.7114217,-0.70134264,-0.5444791,-0.65892905,-1.1780342,-0.6937633,0.6307531,0.46845275,0.3716167,0.45839465,0.55688787
3.3878598,3.2410986,3.0536478,2.9010963,2.779187,2.5935988,2.3067935,2.0092206,1.7599076,1.6120758,1.5118418,1.3560866,1.096012,0.78550434,0.47174445,0.24096271,0.22823338,0.35318193,0.43026704,0.47036287,0.5342269,0.6839183,0.8851081,1.1001756,1.4870261,2.2607574,3.4125829,3.4082723,1.7851508,1.3009274,1.1901823,1.091861,1.0184342,1.4584444,1.2805835,1.7070277,1.4068806,0.83258975,0.72662294,0.6599875,0.67723054,0.71654356,0.7641554,0.7418312,0.064173356,-0.5635865,-0.6908567,-0.71393895,-0.6032933,-0.64238995,-1.0339586,0.17931828,0.72753614,0.43259108,0.40650815,0.5718731,0.713323
3.362473,3.1801624,2.99078,2.8502438,2.7523897,2.5586247,2.2798176,2.0617814,1.9128464,1.8081782,1.688832,1.463669,1.1712267,0.86630076,0.58492196,0.40265095,0.3998221,0.47285265,0.4932497,0.4866963,0.5123785,0.64698774,0.8609842,1.063113,1.440026,2.2364006,3.2924438,4.0823255,1.6894134,1.2590594,1.3097595,1.237366,1.1327718,0.87394977,1.2155612,2.2675095,1.264059,0.796407,0.73849034,0.6745161,0.6856335,0.69097483,0.67097265,0.6015285,-0.031242462,-0.56115365,-0.72033095,-0.87323624,-0.85576516,-0.6817237,-0.46651572,1.0331298,0.6749442,0.34407,0.3899132,0.7025429,0.87315917
3.2883635,3.0994027,2.898419,2.7602649,2.678186,2.499369,2.2764564,2.1464927,2.0830584,1.9936187,1.8068558,1.5105367,1.1955665,0.9009426,0.65837574,0.522322,0.50042665,0.50390524,0.47945505,0.42608234,0.4092861,0.56297475,0.8394739,1.0572537,1.4434493,2.2486572,3.240077,4.0330644,1.4230301,1.2975453,1.1948895,1.086381,0.9425573,0.86346585,0.9077868,1.0601007,0.8926895,0.8084896,0.71134984,0.69189847,0.7061582,0.68647516,0.61441517,0.48244554,-0.06953987,-0.6346143,-0.98602575,-1.1476984,-1.5600977,-1.1014688,0.26282448,0.9249537,0.67075,0.42232832,1.039832,2.0380805,1.1791421
3.226134,3.046331,2.8241725,2.6796718,2.6078904,2.44483,2.2910712,2.2490094,2.2330189,2.107246,1.8350677,1.4879272,1.1828499,0.8994972,0.68431693,0.56787413,0.4928112,0.43990144,0.38556656,0.29019937,0.25853917,0.5064734,0.84275,1.082788,1.4915421,2.2628088,3.0879035,4.04062,1.3695484,1.3131224,1.437808,1.0509242,0.9164312,0.87325937,0.8990245,0.93791825,0.90378535,0.7597412,0.6566242,0.70798993,0.7392438,0.71799517,0.5871779,0.34324116,-0.22035097,-0.8939524,-1.2144514,-2.2827003,-1.5370297,-0.46495676,0.5587348,0.701095,0.5686502,0.68826294,1.5168236,2.7247,1.3288153
3.196385,2.9963386,2.7447977,2.575397,2.4609218,2.3106441,2.2252758,2.265252,2.2895586,2.0961668,1.7614907,1.4220415,1.15088,0.8536049,0.6366304,0.50744164,0.4028403,0.2998175,0.2016991,0.08949787,0.10993329,0.47455555,0.83321285,1.115953,1.554391,2.28524,2.9527628,4.556738,1.9633898,1.2877657,1.8864591,0.950889,0.9169822,0.89017123,0.88558686,0.869485,0.79317564,0.6815911,0.6579996,0.71204317,0.7455579,0.7048851,0.5036221,0.15132517,-0.5492745,-1.1597321,-1.5948136,-1.789852,-0.51999545,0.60856414,0.91832316,0.88887864,1.1281527,1.5427898,1.7634947,2.8430297,1.300345
3.1468043,2.8985753,2.612257,2.403562,2.234557,2.0797026,2.0386746,2.1693199,2.2035184,1.950119,1.6072477,1.3570906,1.0918106,0.7501053,0.5136518,0.36180556,0.24034946,0.09426974,-0.039821684,-0.12856789,0.014331079,0.4417162,0.8283913,1.1488035,1.6111741,2.3212528,3.0173988,4.6466527,2.117198,1.2527934,1.615769,0.9683511,0.9601387,0.91504294,0.86454,0.80118626,0.7051411,0.63909876,0.66158646,0.6955557,0.7148189,0.645084,0.4418568,0.077861115,-0.5192304,-1.4484782,-1.5474792,-1.0380244,0.6974908,1.0323485,1.3518989,1.2866228,1.4099455,1.8108517,1.8059801,2.5133464,1.1407536
3.0623224,2.756022,2.4201381,2.134869,1.9199408,1.750824,1.7706087,2.02408,2.0224595,1.7461133,1.4741173,1.2985591,0.9838432,0.58984125,0.30924383,0.15983643,0.020382702,-0.14641634,-0.29360208,-0.3046765,-0.02961668,0.42464262,0.8245273,1.178912,1.6615075,2.3674207,3.184044,4.377907,1.6064329,1.1996337,1.3951724,0.9361169,0.8978984,0.90877646,0.7783591,0.72606546,0.6843016,0.64609283,0.6270884,0.6660321,0.6382249,0.5432728,0.3698799,0.13054323,-0.25458398,-1.165982,-1.2604458,-0.5980684,1.051855,0.77087766,1.5999283,1.5822994,1.582514,1.8914292,1.8648123,2.077085,1.9773453
