public/data/weather/current/wind.json
{"header": { "discipline": 0, "disciplineName": "Meteorological products", "gribEdition": 2, "gribLength": 131858, "center": 7, "centerName": "US National Weather Service - NCEP(WMC)", "subcenter": 0, "refTime": "2014-01-31T00:00:00.000Z", "significanceOfRT": 1, "significanceOfRTName": "Start of forecast", "productStatus": 0, "productStatusName": "Operational products", "productType": 1, "productTypeName": "Forecast products", "productDefinitionTemplate": 0, "productDefinitionTemplateName": "Analysis/forecast at horizontal level/layer at a point in time", "parameterCategory": 2, "parameterCategoryName": "Momentum", "parameterNumber": 2, "parameterNumberName": "U-component_of_wind", "parameterUnit": "m.s-1", "genProcessType": 2, "genProcessTypeName": "Forecast", "forecastTime": 3, "surface1Type": 103, "surface1TypeName": "Specified height level above ground", "surface1Value": 10, "surface2Type": 255, "surface2TypeName": "Missing", "surface2Value": 0, "gridDefinitionTemplate": 0, "gridDefinitionTemplateName": "Latitude_Longitude", "numberPoints": 65160, "shape": 6, "shapeName": "Earth spherical with radius of 6,371,229.0 m", "gridUnits": "degrees", "resolution": 48, "winds": "true", "scanMode": 0, "nx": 96, "ny": 96, "basicAngle": 0, "subDivisions": 0, "lo1": 0, "la1": 90, "lo2": 360, "la2": -90, "dx": 3.75, "dy": 1.875 }, "data":
[rows 50 to 74 of 96, columns 0 to 56 of 96]
-1.689991,-1.6501093,-1.5848869,-1.4992509,-1.3712491,-1.2501632,-1.1071292,-0.9605224,-0.76613545,-0.56871426,-0.3219188,-0.113784954,0.115460046,0.30168158,0.49854013,0.62645215,0.73338723,0.75419366,0.81827277,0.8152948,0.82793134,0.7922979,0.717625,0.6637975,0.5450661,0.4261174,0.33343107,0.23630293,0.14547376,0.040268123,-0.1064062,-0.24845761,-0.38481292,-0.5165286,-0.8677712,-1.8669895,-0.69554555,-0.57268023,-0.8397551,-0.5479973,-0.55326545,-0.5555779,-0.5853254,-1.0668752,-1.0697685,-1.0155839,-0.7442434,0.105795756,-0.06686744,-0.38171068,-0.89387923,-1.2365309,-1.3726025,-1.3295715,-1.1986336,-0.9769364,-0.79487526
-1.4652452,-1.4258565,-1.3486214,-1.2807888,-1.1455076,-1.0669732,-0.9505835,-0.8320586,-0.6702659,-0.47586596,-0.23815668,-0.0032246672,0.23541316,0.45348668,0.68958646,0.8749404,1.038306,1.1108,1.2095851,1.2633207,1.3293642,1.395691,1.3845868,1.4645036,1.4634455,1.4695344,1.5116386,1.571482,1.6668924,1.7876587,1.8690186,1.9111564,1.8557726,1.6785032,1.2748164,-0.84473705,-0.520394,-0.77067965,-1.326821,-1.1911935,-0.98201334,-0.71509415,-0.60889363,-0.7491475,-0.9819349,-1.2972224,-1.6927854,-0.06555454,-0.194361,-0.67496485,-1.5895003,-1.8640513,-1.8437054,-1.741265,-1.5189295,-1.2211711,-1.0641569
-1.1637855,-1.1157203,-1.0412816,-0.9573742,-0.8141494,-0.739142,-0.6456026,-0.55438834,-0.45545495,-0.2969691,-0.104302004,0.12601864,0.34691134,0.5797551,0.8222909,1.0377586,1.2441865,1.362713,1.5073129,1.6111258,1.7274053,1.8813418,1.9423237,2.131785,2.2491074,2.358326,2.479421,2.5937018,2.7289176,2.9214191,3.095184,3.2073536,3.253389,3.1812146,2.899287,0.028911488,-0.59999526,-1.0317911,-1.831661,-1.6885623,-1.3597745,-1.0628198,-0.89917344,-0.791978,-0.83664817,-1.2739637,-2.831306,-0.7496606,-0.2619476,-0.6697121,-2.1113276,-2.3757944,-2.2318707,-2.0938644,-1.7889547,-1.4060396,-1.2256101
-0.9673609,-0.9002917,-0.9071931,-0.8413812,-0.695104,-0.5771181,-0.4871537,-0.41057748,-0.35586536,-0.25809503,-0.106632136,0.09149515,0.293124,0.5210201,0.7501637,0.9596202,1.1785436,1.3080428,1.4763303,1.5978843,1.7358676,1.9365119,2.0339282,2.25936,2.4278474,2.5689793,2.7043517,2.7977755,2.9005718,3.081395,3.2995605,3.4969249,3.71093,3.9113193,3.9904537,1.4443008,-0.58972895,-1.2187468,-2.2159948,-2.1993928,-1.6210827,-1.3374009,-1.1680042,-0.9417039,-0.80382323,-1.3270651,-3.1268811,-1.1448963,-0.044340692,-0.22589403,-2.19256,-2.7396517,-2.592717,-2.255349,-1.9010351,-1.5232122,-1.3167301
-0.84142077,-0.72796047,-0.830978,-0.8813653,-0.7922057,-0.627634,-0.5262069,-0.4714917,-0.441993,-0.40101415,-0.2836274,-0.13555934,0.04161053,0.2513482,0.472809,0.6722823,0.8839736,1.0045625,1.1556836,1.261701,1.3782169,1.5765723,1.6799817,1.9008579,2.0941484,2.2570271,2.4294262,2.5591958,2.7003791,2.9136186,3.1859562,3.4910018,3.8742018,4.3643436,4.85522,3.1490455,0.04323761,-0.5787792,-2.055486,-2.6640646,-2.0233736,-1.6288395,-1.4596915,-1.0631533,-0.78567934,-1.4554894,-2.6280582,-0.8964303,0.13960493,0.12555788,-1.8608222,-2.865483,-2.7864597,-2.3373744,-1.9429256,-1.5413002,-1.3716583
-0.75578886,-0.5716299,-0.7143489,-0.8943734,-0.9407045,-0.7621692,-0.64573324,-0.61525124,-0.6385252,-0.6504918,-0.5705466,-0.47020966,-0.32859498,-0.1493697,0.06847258,0.26440787,0.46408334,0.57670945,0.6952987,0.7716053,0.83540857,0.98913026,1.0770503,1.274303,1.4915708,1.6847938,1.9260385,2.1426404,2.3788016,2.6730006,3.0155318,3.4139285,3.9295857,4.6206374,5.453677,4.372215,1.6446081,1.6399039,-0.32133743,-2.5893226,-2.4749584,-2.0443766,-1.7327424,-1.2093675,-0.8118851,-1.3774323,-2.005338,-0.2647795,0.3343677,0.23700826,-1.449795,-2.6671147,-2.9624977,-2.4776404,-1.9743869,-1.6105953,-1.3656054
-0.6892318,-0.401088,-0.54204756,-0.8027521,-0.99807644,-0.8732123,-0.7346878,-0.71743786,-0.8257057,-0.9057215,-0.8724089,-0.8075478,-0.71033686,-0.57789,-0.3703112,-0.17297836,0.013359087,0.12709461,0.2230651,0.2814887,0.29338998,0.38590044,0.43539926,0.582484,0.81120914,1.0252122,1.3146566,1.6061465,1.9291582,2.308937,2.7337809,3.2190268,3.831268,4.6178837,5.54994,5.191826,2.5799258,2.8144119,1.3607864,-1.8540952,-2.6178293,-2.3492763,-1.9588696,-1.4369599,-1.0461241,-1.3645377,-1.5235058,0.43157712,0.75053835,0.5926474,-0.89306635,-2.254446,-2.9350739,-2.7010849,-2.2119625,-1.973742,-1.6917102
-0.61798185,-0.22725858,-0.29899707,-0.57979476,-0.8974809,-0.8838387,-0.6888745,-0.67267567,-0.8608256,-1.0568873,-1.1086574,-1.0788444,-1.0199635,-0.94205326,-0.76641613,-0.5619852,-0.3811584,-0.25993475,-0.17104484,-0.101737544,-0.1102994,-0.06664589,-0.07218122,-0.0025271967,0.19473468,0.39287254,0.6841999,1.0031149,1.3595281,1.7946762,2.2886944,2.8475199,3.530701,4.358582,5.254813,5.8673778,5.2536087,4.6934443,1.3933547,-1.2218106,-2.280811,-2.248357,-1.8569478,-1.5097649,-1.3387108,-1.6694046,-0.8142372,1.0002627,1.4844242,1.2380779,-0.15286906,-1.6575333,-2.6420712,-2.7775872,-2.5263019,-2.3758016,-2.307758
-0.582951,-0.1258143,-0.058420327,-0.27393472,-0.65587854,-0.75603616,-0.49648288,-0.41769183,-0.62925696,-0.975135,-1.1755195,-1.2343248,-1.2161766,-1.1862633,-1.0670323,-0.8684021,-0.68056816,-0.5474622,-0.45147923,-0.36387855,-0.35417172,-0.3180076,-0.3563692,-0.35826236,-0.2266266,-0.08906968,0.14898981,0.4377226,0.7741998,1.2051164,1.7204137,2.3185663,3.0572724,3.9563026,4.9382353,5.891343,6.5430684,5.0465918,0.961519,-0.5215874,-1.4140192,-1.5464807,-1.3471541,-1.3427728,-1.516177,-1.159095,0.12583776,1.2446964,1.7843598,1.808148,0.52240926,-1.0031055,-2.17055,-2.592753,-2.6203916,-2.896679,-3.4586432
-0.6094528,-0.13059214,0.1071742,0.026511844,-0.3373274,-0.55717,-0.30686072,-0.099230506,-0.25304878,-0.6366186,-0.9936172,-1.1969361,-1.2598526,-1.2967476,-1.244932,-1.0799271,-0.89568776,-0.7414313,-0.628456,-0.53287125,-0.47998878,-0.42073485,-0.44667998,-0.48222736,-0.41337013,-0.3384857,-0.1833201,0.014289959,0.28495157,0.66144764,1.1425009,1.7359742,2.5006669,3.4837976,4.675443,6.0339956,7.1326776,5.4229636,1.2319095,0.4315016,-0.34591085,-0.48200423,-0.54764116,-0.8890282,-1.2765135,-0.54109275,1.0964379,0.99870837,1.5050555,1.8270828,0.8830495,-0.521259,-1.6454623,-2.3007164,-2.5156586,-3.393199,-4.804302
-0.66845745,-0.24603839,0.16006272,0.25872862,0.03329912,-0.28820345,-0.16056153,0.11247454,0.05611095,-0.20629503,-0.6424433,-0.9806836,-1.1466193,-1.2643687,-1.3049715,-1.2042986,-1.0539765,-0.8770609,-0.7282004,-0.6078055,-0.5082168,-0.42513725,-0.41555998,-0.45100844,-0.428176,-0.3843011,-0.29233742,-0.20797056,-0.050288957,0.24025793,0.6580368,1.211442,1.9620928,2.975888,4.305954,5.9953914,7.593657,5.3586497,1.5077369,1.1237378,0.5210908,0.48111883,0.11343344,-0.4541475,-0.7445755,0.02718846,1.8660951,0.80485106,0.9964204,1.4362104,0.9170329,-0.19338486,-1.269586,-2.2335906,-2.6913028,-4.447251,-6.031227
-0.7236806,-0.42602965,0.064353816,0.343681,0.34998477,0.056478433,0.03275418,0.25875893,0.2796957,0.1600042,-0.23811826,-0.6714488,-0.92859757,-1.1270424,-1.2585593,-1.2505755,-1.1638863,-0.9893762,-0.77590835,-0.61372095,-0.4676532,-0.3675109,-0.3291285,-0.34063894,-0.3430046,-0.3119176,-0.25335875,-0.25227314,-0.22270828,-0.04385983,0.2872259,0.7812237,1.4882989,2.4734955,3.8142822,5.65678,7.709761,4.4682293,1.5882012,1.4181458,1.0428405,1.1420676,0.37475047,-0.29371977,-0.30050063,0.52795875,2.4816685,0.967764,0.6616247,1.1214067,0.9069535,0.12102225,-0.93132603,-2.0822017,-2.8809597,-5.409616,-6.520585
-0.78770554,-0.6048063,-0.1460373,0.25201827,0.47974968,0.35499176,0.2657313,0.39171588,0.4652488,0.4202031,0.15593198,-0.31672862,-0.6411537,-0.94580376,-1.147822,-1.2463634,-1.2437366,-1.0929482,-0.82757366,-0.6173152,-0.41958085,-0.29088685,-0.23484848,-0.20676686,-0.20333555,-0.16476922,-0.121286646,-0.17458561,-0.2570938,-0.20235355,0.026178924,0.4479295,1.0911537,2.0084014,3.2692988,5.109829,7.474444,3.3941119,1.6713095,1.4714512,1.1964265,1.3107978,0.22714792,-0.34453455,-0.31106627,0.7741425,2.6488492,0.6802093,0.6371907,1.0094321,0.9463315,0.47927117,-0.5138688,-1.6800387,-2.9171855,-6.2488546,-6.2435846
-0.913908,-0.76563483,-0.4036497,0.0380587,0.4221985,0.51197064,0.48169568,0.5451933,0.6451271,0.60761666,0.45842078,0.017875414,-0.34148479,-0.7296954,-1.0093459,-1.2249656,-1.3208071,-1.2410221,-0.9619761,-0.6908025,-0.4441647,-0.26228273,-0.16641827,-0.08960173,-0.037859045,0.023158556,0.058567654,-0.024507623,-0.18933186,-0.25620356,-0.13556588,0.21701105,0.77810764,1.5951042,2.7330198,4.437286,6.947541,3.5739348,1.7430869,1.3531437,1.1243004,1.1378125,-0.026453905,-0.49541035,-0.7764559,1.0773773,2.2406306,0.57053906,0.87539935,0.9755571,0.9325096,0.69010884,-0.21590169,-1.1418699,-2.3354378,-6.2583947,-5.3873906
-1.1028916,-0.9242252,-0.64611554,-0.22123367,0.2620682,0.50224197,0.60152555,0.71644616,0.83584756,0.7829045,0.6467511,0.30002576,-0.07446377,-0.48056176,-0.84569585,-1.1733501,-1.392679,-1.418677,-1.1850102,-0.87450325,-0.5758368,-0.33205137,-0.17414688,-0.041357376,0.084015265,0.18332897,0.22618097,0.12857774,-0.075775206,-0.22465739,-0.20075087,0.08007974,0.5453171,1.2362701,2.2379913,3.7632859,6.3482685,4.482869,1.6642487,1.0511813,0.65017855,0.7042298,-0.060382836,-0.6686327,-0.9335912,1.3428688,1.6296088,0.6085609,0.9467297,0.84508514,0.6791645,0.54371345,-0.057455763,-0.79324573,-1.7798644,-5.4288464,-4.1340575
-1.330967,-1.1011661,-0.83662623,-0.46309772,0.06236391,0.38676456,0.57288796,0.79547775,0.9782565,0.9355637,0.7969297,0.5051056,0.15501124,-0.20880346,-0.6324875,-1.043191,-1.4124633,-1.5686494,-1.4293705,-1.1227912,-0.78533036,-0.48491102,-0.27088776,-0.096971475,0.10387912,0.26007742,0.3314256,0.23801279,0.032650813,-0.14639725,-0.17779832,0.026842888,0.3860156,0.932827,1.7774547,3.170518,5.902362,4.503233,1.4219282,0.8608562,0.53351873,0.7421102,0.28262675,-0.66903234,-0.6630275,1.4061248,1.4578341,0.746368,0.9568073,0.7083014,0.41708195,0.20009696,-0.054102555,-0.56941694,-1.2918534,-4.116288,-2.7341468
-1.5319386,-1.3051891,-1.020045,-0.66940266,-0.1464373,0.26789442,0.49334714,0.788763,1.0405084,1.0279493,0.89428353,0.63059264,0.32107648,0.0030052634,-0.41030517,-0.8699873,-1.3316038,-1.6110275,-1.6177505,-1.3632636,-1.009142,-0.6641996,-0.39363474,-0.21404041,0.025086714,0.23407762,0.34934112,0.2908324,0.10397039,-0.08056096,-0.12448656,0.029572314,0.2913524,0.6871795,1.3392905,2.616079,5.5186057,3.1436327,1.3145474,0.83078504,0.4478923,0.97223616,0.8855073,-0.40238187,-0.1607961,1.3518915,1.3557993,0.76287794,0.97070813,0.7019508,0.29348493,-0.0888709,-0.13100399,-0.37540287,-0.79172677,-2.640523,-1.6524366
-1.6588149,-1.4796175,-1.2120377,-0.8770245,-0.3635813,0.12126295,0.42138225,0.76450235,1.0701671,1.1159879,0.98200953,0.71556056,0.41154698,0.128368,-0.22762759,-0.68322706,-1.1989206,-1.5440731,-1.6871095,-1.5389144,-1.2116592,-0.8212895,-0.4806607,-0.29435503,-0.093240164,0.13905047,0.27769983,0.27288672,0.115047686,-0.060276296,-0.105259545,0.018613778,0.2137888,0.4862715,0.9343294,2.040766,4.929926,2.5534637,1.6129766,0.9675866,0.36334223,0.802439,0.77016664,0.057264198,0.45510975,1.3511981,1.1542691,0.67195594,0.97818387,0.7015953,0.21374819,-0.25515354,-0.07698122,-0.22017398,-0.631643,-1.4251937,-0.8020692
-1.7292266,-1.5883856,-1.3679088,-1.0818455,-0.6035779,-0.09033387,0.32332027,0.71437657,1.0697055,1.2079839,1.1154898,0.8246922,0.5000747,0.23186916,-0.09454671,-0.490339,-1.0393159,-1.4229985,-1.6209147,-1.5944809,-1.3511378,-0.96056366,-0.5504497,-0.33043617,-0.1832448,0.027643844,0.16952647,0.20523265,0.09634356,-0.05609498,-0.12310425,-0.039132923,0.10451921,0.29273525,0.5799921,1.5071676,4.085082,2.234058,2.015363,1.048929,0.3704672,0.19523798,0.73673886,0.73990744,1.192701,1.5451937,0.8727901,0.7428846,0.8951736,0.5577454,0.06781879,-0.26996666,0.036667794,-0.11386026,-0.6757644,-0.72899324,-0.26550296
-1.7955811,-1.6414547,-1.4525962,-1.2325515,-0.82198626,-0.32795376,0.1506169,0.5989139,1.0009041,1.219181,1.2138191,0.9651269,0.6263527,0.3386068,0.015456915,-0.33217353,-0.85619366,-1.2531143,-1.4345835,-1.5124792,-1.3850777,-1.0417281,-0.6181026,-0.34766805,-0.22366868,-0.061236408,0.07319714,0.13406874,0.091019936,-0.03126067,-0.13520004,-0.1126818,-0.033609755,0.09219715,0.29126772,1.1192273,3.1392748,1.7307729,2.153036,0.8967061,0.20683841,0.06191549,1.0743554,1.5093194,2.0270948,2.0453618,1.0668423,0.90107375,0.56131905,0.23774976,-0.085820995,-0.045854334,0.19085437,-0.23134607,-0.32793447,-0.39113253,-0.18299143
-1.9110968,-1.6910245,-1.4728112,-1.3086634,-0.96172714,-0.53687245,-0.06282568,0.41151428,0.8469353,1.1253597,1.2052727,1.0692817,0.7603228,0.4164046,0.098524444,-0.23518242,-0.6782016,-1.0333354,-1.1775415,-1.2895697,-1.2873449,-1.0155754,-0.6186929,-0.32452598,-0.18742278,-0.07259665,0.031432644,0.10379996,0.10598338,0.025783384,-0.08454372,-0.12890747,-0.1298636,-0.07665247,0.09779646,0.8849703,2.2723136,1.264669,1.7783495,0.6505659,0.2182973,0.31118545,1.5348372,2.2051737,2.857093,2.8001359,1.2259796,0.84183764,0.373966,0.08227642,-0.04039042,0.02082913,0.4206628,-0.08880929,0.46320695,0.25657144,-0.20802759
-2.0551643,-1.7957891,-1.5087857,-1.3199549,-1.0523409,-0.6686908,-0.23774174,0.21077414,0.62726843,0.91832644,1.076764,1.0922592,0.8663143,0.4863517,0.14122503,-0.19107306,-0.55338424,-0.8627319,-0.95281386,-1.016343,-1.0450752,-0.88401306,-0.5331374,-0.23419273,-0.07138872,0.021205962,0.08474218,0.12046863,0.1399236,0.10020472,0.017090999,-0.060891315,-0.15647474,-0.17944682,-0.009878942,0.73692656,1.5878831,0.70221496,1.257421,0.32413355,0.14723325,0.6249651,1.925841,2.7473328,3.5202942,3.3737695,0.9448068,0.70629585,0.50311536,0.23716587,0.073005445,0.23823442,0.47939032,0.49253878,1.3803618,0.831529,0.029009664
-2.146149,-1.9268677,-1.611503,-1.3574514,-1.1124448,-0.7599206,-0.37352473,0.018743636,0.35628545,0.6431084,0.85984325,1.0121192,0.9216739,0.54525137,0.13041845,-0.21596207,-0.50512433,-0.74954045,-0.81029314,-0.77970445,-0.7663044,-0.66194445,-0.39030612,-0.09744918,0.091532715,0.19794574,0.20349286,0.17592786,0.19152363,0.18788263,0.14196187,0.06588771,-0.11268923,-0.2399082,-0.04579381,0.6896267,1.2797357,0.4875884,0.822712,-0.1404547,-0.14123176,0.863874,2.191311,3.0718784,3.8974464,3.8488178,0.9290794,0.7833221,0.5889085,0.5641862,0.6400285,0.7359323,0.49995202,1.0665015,2.1249032,2.1330128,0.2614211
-2.1541305,-2.01229,-1.7427763,-1.4392047,-1.1590328,-0.8251796,-0.48304987,-0.17591326,0.085199565,0.3671364,0.63614327,0.8798811,0.9068488,0.5800393,0.124390446,-0.25135094,-0.5071932,-0.6860694,-0.7133975,-0.6041951,-0.5066222,-0.42186713,-0.21751904,0.05165604,0.26598778,0.38667944,0.34618306,0.25702623,0.27280706,0.30625904,0.2984873,0.24129985,-0.018052349,-0.2401135,-0.0018828452,0.75946647,1.3074852,0.47689867,0.492179,-0.3799667,-0.37902904,1.0050659,2.2824023,3.1131542,3.8764307,4.294275,1.5998312,0.92091656,0.74792135,1.3770483,0.96978205,0.60002136,0.6461271,1.3776277,2.3635943,2.9523106,0.84168434
-2.0374408,-1.9696951,-1.8025012,-1.4975595,-1.192481,-0.8631509,-0.55990785,-0.35579216,-0.15951134,0.12245534,0.4404204,0.7304967,0.8351726,0.5826013,0.14010963,-0.26350635,-0.53172696,-0.6705255,-0.6649158,-0.4943834,-0.29579172,-0.18820752,-0.05081293,0.20388629,0.42179033,0.54034775,0.44278803,0.3224451,0.3478183,0.40995672,0.4454734,0.39074132,0.10385966,-0.17561696,0.09904023,0.8743764,1.4403111,0.6184445,0.3026004,-0.16811487,-0.49344292,0.9933348,2.2073932,2.8740556,3.375575,3.8316987,2.970733,2.4797788,2.137231,1.4038984,0.8608108,0.55219316,0.76118785,1.3240786,2.0327902,2.5209832,1.595271
