public/data/weather/current/wind/current-default-surface-level-gfs-1.0.json
{"header": { "discipline": 0, "disciplineName": "Meteorological products", "gribEdition": 2, "gribLength": 131858, "center": 7, "centerName": "US National Weather Service - NCEP(WMC)", "subcenter": 0, "refTime": "2014-01-31T00:00:00.000Z", "significanceOfRT": 1, "significanceOfRTName": "Start of forecast", "productStatus": 0, "productStatusName": "Operational products", "productType": 1, "productTypeName": "Forecast products", "productDefinitionTemplate": 0, "productDefinitionTemplateName": "Analysis/forecast at horizontal level/layer at a point in time", "parameterCategory": 2, "parameterCategoryName": "Momentum", "parameterNumber": 2, "parameterNumberName": "U-component_of_wind", "parameterUnit": "m.s-1", "genProcessType": 2, "genProcessTypeName": "Forecast", "forecastTime": 3, "surface1Type": 103, "surface1TypeName": "Specified height level above ground", "surface1Value": 10, "surface2Type": 255, "surface2TypeName": "Missing", "surface2Value": 0, "gridDefinitionTemplate": 0, "gridDefinitionTemplateName": "Latitude_Longitude", "numberPoints": 65160, "shape": 6, "shapeName": "Earth spherical with radius of 6,371,229.0 m", "gridUnits": "degrees", "resolution": 48, "winds": "true", "scanMode": 0, "nx": 96, "ny": 96, "basicAngle": 0, "subDivisions": 0, "lo1": 0, "la1": 90, "lo2": 360, "la2": -90, "dx": 3.75, "dy": 1.875 }, "data":
[rows 76 to 94 of 96, columns 43 to 85 of 96]
-0.09436597675085068,0.22579151391983032,0.5976199507713318,0.9340611100196838,1.1960663795471191,1.4097987413406372,1.6131647825241089,1.8114808797836304,1.9723883867263794,2.0343213081359863,2.024925708770752,1.8987904787063599,1.6455827951431274,1.3804072141647339,1.1968106031417847,1.018080711364746,0.7687548995018005,0.4393191933631897,0.12399862706661224,-0.16762489080429077,-0.3940626382827759,-0.5704504251480103,-0.6841431260108948,-0.7283166646957397,-0.7395373582839966,-0.7079430818557739,-0.6175330281257629,-0.434743732213974,-0.22332783043384552,-0.12878581881523132,-0.18353430926799774,-0.30278897285461426,-0.36701148748397827,-0.3421325385570526,-0.312813937664032,-0.33647868037223816,-0.4346199631690979,-0.5613351464271545,-0.662124514579773,-0.6779681444168091,-0.4611545503139496,-0.24745450913906097,-0.25113800168037415
-0.7008422017097473,-0.4504593014717102,-0.20851759612560272,0.012262918055057526,0.20839156210422516,0.4346924424171448,0.6686769723892212,0.9163599014282227,1.1163501739501953,1.2091329097747803,1.2304387092590332,1.1653220653533936,1.0201812982559204,0.8435909748077393,0.7036489248275757,0.49841731786727905,0.19511371850967407,-0.15146896243095398,-0.46608394384384155,-0.7643805146217346,-0.9731096625328064,-1.1046266555786133,-1.1566270589828491,-1.1206573247909546,-1.0362293720245361,-0.9203981161117554,-0.7836719155311584,-0.6124334335327148,-0.4834657311439514,-0.47459647059440613,-0.5646877288818359,-0.6325545310974121,-0.6079675555229187,-0.5354031324386597,-0.5123066306114197,-0.5442742705345154,-0.6433100700378418,-0.7546935081481934,-0.8182933926582336,-0.8648335933685303,-0.9087169170379639,-0.930229127407074,-0.9831207990646362
-1.252247929573059,-1.0602543354034424,-0.9014148712158203,-0.7613584995269775,-0.6004689335823059,-0.3823974132537842,-0.17509815096855164,0.02997118979692459,0.202079638838768,0.3082161247730255,0.34472066164016724,0.32628047466278076,0.23757551610469818,0.11490005254745483,-0.009392273612320423,-0.21313324570655823,-0.490085244178772,-0.7678360939025879,-1.0551034212112427,-1.322128176689148,-1.5066349506378174,-1.59609854221344,-1.5766929388046265,-1.4682796001434326,-1.2860448360443115,-1.080003023147583,-0.8943873047828674,-0.7539529800415039,-0.6990057826042175,-0.7265218496322632,-0.7708461880683899,-0.7256634831428528,-0.6168560981750488,-0.5075303316116333,-0.45312929153442383,-0.46367475390434265,-0.535285234451294,-0.6112661957740784,-0.6286253929138184,-0.5957263112068176,-0.595422625541687,-0.7101771235466003,-0.8648972511291504
-1.8049616813659668,-1.6851344108581543,-1.5689810514450073,-1.459434986114502,-1.3246407508850098,-1.1330245733261108,-0.9572550058364868,-0.8070226907730103,-0.6908263564109802,-0.6129443049430847,-0.5642915368080139,-0.5845221877098083,-0.6607866883277893,-0.7357079982757568,-0.8265870809555054,-0.9744803309440613,-1.1627211570739746,-1.3673505783081055,-1.5966559648513794,-1.8197277784347534,-1.9552624225616455,-1.974632978439331,-1.8736339807510376,-1.6682610511779785,-1.398498773574829,-1.137569546699524,-0.9395861029624939,-0.8257375359535217,-0.8002934455871582,-0.8039233684539795,-0.7478169202804565,-0.6152229905128479,-0.46047866344451904,-0.3156701624393463,-0.20328031480312347,-0.15068303048610687,-0.16677214205265045,-0.1868249624967575,-0.14800263941287994,0.01385676208883524,0.2343996912240982,0.3533267676830292,0.36676207184791565
-2.3671555519104004,-2.3506598472595215,-2.2946672439575195,-2.207545757293701,-2.0933997631073,-1.962604284286499,-1.8243076801300049,-1.6944738626480103,-1.5956556797027588,-1.525067925453186,-1.4900989532470703,-1.5170611143112183,-1.5716748237609863,-1.597439169883728,-1.6156883239746094,-1.678466796875,-1.7740540504455566,-1.9046666622161865,-2.0554497241973877,-2.1785049438476562,-2.226853370666504,-2.145246982574463,-1.9430776834487915,-1.649025559425354,-1.3320024013519287,-1.0585650205612183,-0.8684247136116028,-0.7582544088363647,-0.7099239230155945,-0.6491577625274658,-0.5304438471794128,-0.36101076006889343,-0.18358269333839417,0.005838730838149786,0.21122857928276062,0.3508731424808502,0.39819175004959106,0.42131635546684265,0.5458924770355225,0.8658086061477661,1.2796576023101807,1.5616302490234375,1.6514257192611694
-2.8263535499572754,-2.91145920753479,-2.927835702896118,-2.900707483291626,-2.8450405597686768,-2.772554636001587,-2.6610076427459717,-2.5405802726745605,-2.451842784881592,-2.383838176727295,-2.3594460487365723,-2.3703420162200928,-2.361489772796631,-2.320692300796509,-2.2612524032592773,-2.2329306602478027,-2.240049123764038,-2.2623848915100098,-2.2871181964874268,-2.2602577209472656,-2.162348747253418,-1.9716013669967651,-1.6958422660827637,-1.3841291666030884,-1.0895037651062012,-0.8537490963935852,-0.6832447052001953,-0.5567870736122131,-0.4557916522026062,-0.34162700176239014,-0.20249050855636597,-0.038605328649282455,0.1625165045261383,0.4344431459903717,0.7242307662963867,0.8890271186828613,1.0036424398422241,1.1338962316513062,1.3449821472167969,1.7018731832504272,2.1428236961364746,2.5334930419921875,2.6765599250793457
-2.850670337677002,-3.029207229614258,-3.145589828491211,-3.240016222000122,-3.2864792346954346,-3.2893788814544678,-3.2486467361450195,-3.1843600273132324,-3.109983205795288,-3.041940450668335,-2.9859120845794678,-2.9185585975646973,-2.830839157104492,-2.7127890586853027,-2.576416015625,-2.4619803428649902,-2.3585689067840576,-2.242002010345459,-2.114750623703003,-1.943304419517517,-1.7251696586608887,-1.4760161638259888,-1.2102031707763672,-0.9432098865509033,-0.6971911787986755,-0.4941343665122986,-0.3206235468387604,-0.16859811544418335,-0.03152976930141449,0.1040067970752716,0.2317993938922882,0.3895866274833679,0.6449719071388245,1.0029290914535522,1.0595645904541016,1.0996602773666382,1.346087098121643,1.6137112379074097,1.8545809984207153,1.7931650876998901,1.8377760648727417,2.619852304458618,2.9175314903259277
-2.4652745723724365,-2.6342170238494873,-2.7960002422332764,-2.9984121322631836,-3.2160861492156982,-3.363765001296997,-3.4381585121154785,-3.4507482051849365,-3.413531541824341,-3.3300163745880127,-3.2187130451202393,-3.0786664485931396,-2.8946526050567627,-2.67378830909729,-2.4378886222839355,-2.1998984813690186,-1.9539424180984497,-1.7052174806594849,-1.4481196403503418,-1.1862730979919434,-0.944549024105072,-0.7238860726356506,-0.5200468897819519,-0.3120550513267517,-0.1127031072974205,0.08246909081935883,0.261397123336792,0.41797930002212524,0.5704468488693237,0.6961641311645508,0.7954100370407104,0.9832267165184021,1.3060133457183838,1.4259908199310303,0.5293015837669373,0.2103617936372757,0.9881947040557861,1.314389944076538,1.8404910564422607,1.4671062231063843,0.6898949146270752,1.3197345733642578,2.1952693462371826
-1.5483155250549316,-2.3681447505950928,-2.4169070720672607,-2.382047653198242,-2.5858700275421143,-2.875401020050049,-3.093846321105957,-3.1906003952026367,-3.1919775009155273,-3.1051156520843506,-2.9468798637390137,-2.7145822048187256,-2.430534601211548,-2.1169662475585938,-1.780357003211975,-1.4202700853347778,-1.051790475845337,-0.705726683139801,-0.3874829113483429,-0.11117706447839737,0.10690126568078995,0.263921856880188,0.38282009959220886,0.5103493332862854,0.6574071049690247,0.8250094056129456,1.0119825601577759,1.211501121520996,1.3790600299835205,1.4767814874649048,1.5654293298721313,1.7443455457687378,1.822698950767517,1.3538122177124023,0.17199048399925232,0.1255866289138794,0.6813857555389404,1.1976009607315063,1.6386717557907104,1.341920256614685,0.5961331725120544,0.7210752964019775,1.229953646659851
-0.4355664551258087,-0.7434797286987305,-0.9519033432006836,-1.7297438383102417,-1.8812330961227417,-1.9579533338546753,-2.136171340942383,-2.3201584815979004,-2.36765193939209,-2.247652292251587,-2.0201339721679688,-1.7465771436691284,-1.4289299249649048,-1.0454556941986084,-0.6270736455917358,-0.2103499174118042,0.18279317021369934,0.5503056049346924,0.8840831518173218,1.1529806852340698,1.321545958518982,1.40217924118042,1.4490458965301514,1.4998753070831299,1.541373610496521,1.554498314857483,1.617592215538025,1.7408833503723145,1.8561948537826538,1.9029743671417236,1.9816851615905762,2.006549119949341,1.6793935298919678,0.6149259209632874,0.09501248598098755,0.006866280920803547,0.5643503665924072,1.755510687828064,1.389030933380127,1.0681055784225464,0.5734878778457642,0.7170895934104919,0.6542976498603821
-0.3975335955619812,0.38364478945732117,0.15324589610099792,-1.5114655494689941,-1.5388195514678955,-1.1477428674697876,-0.8854243159294128,-0.8695209622383118,-0.9333019852638245,-0.8676188588142395,-0.6339835524559021,-0.3085607588291168,0.031198013573884964,0.3831353783607483,0.7286003232002258,1.0342090129852295,1.3006449937820435,1.498872995376587,1.6272345781326294,1.7327033281326294,1.9054808616638184,2.1054699420928955,2.21840238571167,2.2289369106292725,1.9870758056640625,1.320748209953308,1.0212217569351196,0.9290433526039124,0.6888081431388855,0.7063745856285095,0.3206895589828491,0.3425610661506653,0.41081926226615906,0.3607780933380127,0.1127670407295227,0.15033702552318573,0.7553271055221558,1.937337875366211,1.161227822303772,0.5196669101715088,0.600486695766449,0.7200958728790283,0.5990427732467651
-0.13661174476146698,-0.08271479606628418,-0.9849825501441956,-1.2671475410461426,-0.8193826079368591,-0.17853298783302307,0.36461275815963745,0.6649832129478455,0.7943624258041382,0.8780005574226379,1.0098015069961548,1.2104371786117554,1.4589842557907104,1.6333943605422974,1.4656137228012085,0.9127365350723267,0.5917842388153076,0.40840280055999756,0.33429834246635437,0.3676508665084839,0.5414704084396362,0.9872788786888123,1.174573302268982,1.4451215267181396,1.2019736766815186,0.4804644286632538,0.4525802731513977,0.48338499665260315,0.4462587535381317,0.4293050467967987,0.44641679525375366,0.4382300078868866,0.3829795718193054,0.2962659001350403,0.3757990598678589,0.751448929309845,0.9326099157333374,1.4680960178375244,1.1374462842941284,0.5646350383758545,0.5782828330993652,0.6386357545852661,0.5485919713973999
0.0196355152875185,-0.06938667595386505,-0.2711562514305115,-0.02409326285123825,0.2595687210559845,0.6761792898178101,1.0905202627182007,1.4101439714431763,1.7101653814315796,1.98643159866333,2.1052229404449463,1.825111985206604,1.412986159324646,0.7569385170936584,0.045611422508955,-0.09925919771194458,-0.018018461763858795,0.007625517901033163,0.019254717975854874,0.1739119291305542,0.2680933475494385,0.2510039806365967,0.25312528014183044,0.3241922855377197,0.442173570394516,0.5850716233253479,0.6934149265289307,0.6543439626693726,0.5383894443511963,0.5124799609184265,0.6145914793014526,0.7259694933891296,0.7589204907417297,0.7522152066230774,0.771268904209137,0.7822477221488953,0.6836952567100525,1.0065408945083618,1.0291078090667725,0.5163339376449585,0.4061954617500305,0.4707598388195038,0.565731942653656
0.3382222652435303,0.051775526255369186,-0.19265341758728027,-0.1629166305065155,-0.03740336373448372,0.26217788457870483,0.74052894115448,1.0428980588912964,0.6451064348220825,0.6751177310943604,0.52937251329422,0.4115220010280609,0.4605433940887451,0.5120217800140381,0.597163200378418,0.6171116828918457,0.5322675704956055,0.4434106647968292,0.3618527352809906,0.30772343277931213,0.2720579504966736,0.2443067878484726,0.2719210386276245,0.34534040093421936,0.45701757073402405,0.5734519958496094,0.582486093044281,0.43469011783599854,0.31782400608062744,0.548149585723877,0.9713609218597412,1.0413023233413696,0.8526502251625061,0.7345912456512451,0.6284245252609253,0.4863673448562622,0.35393956303596497,0.31512725353240967,0.4001648426055908,0.5082655549049377,0.5524811744689941,0.6001114845275879,0.6385592222213745
0.005970618687570095,-0.306465208530426,-0.30509912967681885,-0.31691810488700867,-0.2085629552602768,0.03589576110243797,0.23771601915359497,0.3916662633419037,0.4920366704463959,0.5550147891044617,0.5947163105010986,0.6876189708709717,0.8113861083984375,0.8722013831138611,0.8272761702537537,0.713627815246582,0.6025775671005249,0.5199487805366516,0.4627748727798462,0.43693190813064575,0.4270634651184082,0.4042999744415283,0.4017904996871948,0.4414159059524536,0.4769449830055237,0.46232613921165466,0.3892911970615387,0.4002174735069275,0.6131494641304016,0.894465982913971,1.0436031818389893,0.915445864200592,0.6774537563323975,0.544589638710022,0.4839267432689667,0.39780575037002563,0.39147815108299255,0.5531113147735596,0.7201113700866699,0.8196218013763428,0.8306369781494141,0.738749623298645,0.54050213098526
0.06832004338502884,0.18245624005794525,0.13828028738498688,-0.046328697353601456,-0.13283315300941467,-0.07761973142623901,0.05336262285709381,0.22264142334461212,0.3992372155189514,0.5186483263969421,0.5860183238983154,0.7300697565078735,0.8310975432395935,0.8611531257629395,0.8156639933586121,0.720970869064331,0.6554204821586609,0.6286296844482422,0.6213380694389343,0.5956284999847412,0.517747700214386,0.42892026901245117,0.3751946985721588,0.3408762812614441,0.3282225430011749,0.424908310174942,0.6165786981582642,0.7920635342597961,0.8693782687187195,0.8165009021759033,0.7006273865699768,0.5456386208534241,0.41671302914619446,0.4202362596988678,0.504472553730011,0.5783383846282959,0.7491716742515564,1.0473692417144775,1.0966181755065918,1.0712085962295532,0.947607696056366,0.634488046169281,0.2805427610874176
-0.2277224212884903,0.11117726564407349,0.28366199135780334,0.2891380190849304,0.2695132791996002,0.2713148295879364,0.3337627649307251,0.44751670956611633,0.527496874332428,0.4900089204311371,0.4182780086994171,0.3984143137931824,0.4022742509841919,0.4054754972457886,0.38832175731658936,0.3604227900505066,0.37602993845939636,0.42611995339393616,0.4541792571544647,0.43649858236312866,0.39327624440193176,0.35773876309394836,0.3392833173274994,0.31547975540161133,0.30264315009117126,0.3535986542701721,0.5927482843399048,0.7717654705047607,0.9257556796073914,0.9785621166229248,0.8841837644577026,0.710318386554718,0.5840463638305664,0.507426381111145,0.43442755937576294,0.4604693651199341,0.5721287727355957,0.6932741403579712,0.7469426989555359,0.7417469620704651,0.6429213881492615,0.4331143796443939,0.3682296574115753
-0.32381442189216614,-0.2447420358657837,-0.32237932085990906,-0.20178665220737457,0.0014567613834515214,0.2382199764251709,0.4086627960205078,0.5757797360420227,0.5988328456878662,0.4498520493507385,0.3158453106880188,0.29117482900619507,0.2707410156726837,0.19850145280361176,0.16611668467521667,0.1764981597661972,0.1927318125963211,0.21387842297554016,0.20878344774246216,0.19433818757534027,0.22676928341388702,0.32221129536628723,0.39519208669662476,0.35725468397140503,0.28917574882507324,0.3224567174911499,0.4957192540168762,0.5876773595809937,0.6996049880981445,0.7083085179328918,0.5839395523071289,0.38905978202819824,0.21548150479793549,0.101112499833107,0.07819587737321854,0.18810230493545532,0.33710139989852905,0.47915586829185486,0.6024377942085266,0.6182019114494324,0.478071391582489,0.27779343724250793,0.10064250975847244
0.09763525426387787,0.1794632077217102,0.2619442641735077,0.3500590920448303,0.4493424892425537,0.5045740008354187,0.4826814830303192,0.5786164999008179,0.6898415684700012,0.6699057221412659,0.6722443103790283,0.7658568024635315,0.9379054307937622,1.0918256044387817,1.1956437826156616,1.2539783716201782,1.2103313207626343,1.150538444519043,1.1258810758590698,1.0892643928527832,1.0714164972305298,1.1138148307800293,1.1391719579696655,1.0829684734344482,1.0123662948608398,0.992071270942688,0.9757804274559021,0.9113376140594482,0.8465040922164917,0.7431625127792358,0.6096213459968567,0.48611629009246826,0.358237087726593,0.24509745836257935,0.1608147919178009,0.12000253796577454,0.10786629468202591,0.1073170155286789,0.1312197893857956,0.13447453081607819,0.06386855244636536,-0.01895633339881897,-0.09590951353311539
