public/data/weather/current/wind/current-default-surface-level-gfs-1.0.json
{"header": { "discipline": 0, "disciplineName": "Meteorological products", "gribEdition": 2, "gribLength": 131858, "center": 7, "centerName": "US National Weather Service - NCEP(WMC)", "subcenter": 0, "refTime": "2014-01-31T00:00:00.000Z", "significanceOfRT": 1, "significanceOfRTName": "Start of forecast", "productStatus": 0, "productStatusName": "Operational products", "productType": 1, "productTypeName": "Forecast products", "productDefinitionTemplate": 0, "productDefinitionTemplateName": "Analysis/forecast at horizontal level/layer at a point in time", "parameterCategory": 2, "parameterCategoryName": "Momentum", "parameterNumber": 2, "parameterNumberName": "U-component_of_wind", "parameterUnit": "m.s-1", "genProcessType": 2, "genProcessTypeName": "Forecast", "forecastTime": 3, "surface1Type": 103, "surface1TypeName": "Specified height level above ground", "surface1Value": 10, "surface2Type": 255, "surface2TypeName": "Missing", "surface2Value": 0, "gridDefinitionTemplate": 0, "gridDefinitionTemplateName": "Latitude_Longitude", "numberPoints": 65160, "shape": 6, "shapeName": "Earth spherical with radius of 6,371,229.0 m", "gridUnits": "degrees", "resolution": 48, "winds": "true", "scanMode": 0, "nx": 96, "ny": 96, "basicAngle": 0, "subDivisions": 0, "lo1": 0, "la1": 90, "lo2": 360, "la2": -90, "dx": 3.75, "dy": 1.875 }, "data":
[rows 0 to 18 of 96, columns 43 to 85 of 96]
0.9031525254249573,0.9031525254249573,0.9031525254249573,0.9031525254249573,0.9031525254249573,0.9031525254249573,0.9031525254249573,0.9031525254249573,0.9031525254249573,0.9031525254249573,0.9031525254249573,0.9031525254249573,0.9031525254249573,0.9031525254249573,0.9031525254249573,0.9031525254249573,0.9031525254249573,0.9031525254249573,0.9031525254249573,0.9031525254249573,0.9031525254249573,0.9031525254249573,0.9031525254249573,0.9031525254249573,0.9031525254249573,0.9031525254249573,0.9031525254249573,0.9031525254249573,0.9031525254249573,0.9031525254249573,0.9031525254249573,0.9031525254249573,0.9031525254249573,0.9031525254249573,0.9031525254249573,0.9031525254249573,0.9031525254249573,0.9031525254249573,0.9031525254249573,0.9031525254249573,0.9031525254249573,0.9031525254249573,0.9031525254249573
0.15729956328868866,0.09762313216924667,0.03769240528345108,-0.02026498317718506,-0.0918613150715828,-0.16902923583984375,-0.2453678697347641,-0.31303077936172485,-0.38611075282096863,-0.45760902762413025,-0.5334332585334778,-0.6068664193153381,-0.6751903295516968,-0.7377188801765442,-0.7938404679298401,-0.8547515869140625,-0.9219570755958557,-0.9784178733825684,-1.0225012302398682,-1.0621047019958496,-1.1030430793762207,-1.1430612802505493,-1.1776542663574219,-1.205039381980896,-1.2266021966934204,-1.240986704826355,-1.2486960887908936,-1.248814344406128,-1.2424649000167847,-1.2302428483963013,-1.2121317386627197,-1.1877820491790771,-1.1577767133712769,-1.1240602731704712,-1.085646152496338,-1.0437043905258179,-0.9994303584098816,-0.9542576670646667,-0.909612774848938,-0.8645472526550293,-0.8203282952308655,-0.7772181034088135,-0.7362563014030457
0.4906936585903168,0.3994085192680359,0.3212428689002991,0.25216615200042725,0.23922567069530487,0.2894771695137024,0.3507484793663025,0.37568554282188416,0.365632027387619,0.32523080706596375,0.242303267121315,0.1331678032875061,-0.01899016462266445,-0.21191467344760895,-0.4410063922405243,-0.6247621178627014,-0.7486234307289124,-0.8720661401748657,-0.999234676361084,-1.1120837926864624,-1.1931874752044678,-1.2589139938354492,-1.3187336921691895,-1.367008924484253,-1.404357671737671,-1.4364094734191895,-1.463816523551941,-1.4769219160079956,-1.4783395528793335,-1.4701929092407227,-1.4528257846832275,-1.423509955406189,-1.385164499282837,-1.3411288261413574,-1.2904173135757446,-1.2333984375,-1.173905372619629,-1.113993525505066,-1.0544872283935547,-0.9967005252838135,-0.9433636665344238,-0.8960387706756592,-0.855507493019104
1.2360754013061523,1.1597667932510376,0.9502196907997131,0.780820369720459,0.2727837860584259,-0.35026419162750244,-0.49124887585639954,-0.06922878324985504,0.2887411415576935,0.5362630486488342,0.6944138407707214,0.8626298308372498,1.0804179906845093,1.2614357471466064,1.5280739068984985,0.9320354461669922,0.3057115077972412,0.1576370894908905,-0.3891233801841736,-0.7932432293891907,-1.0504401922225952,-1.253608226776123,-1.3870617151260376,-1.4721767902374268,-1.5158450603485107,-1.5495928525924683,-1.5636029243469238,-1.5604151487350464,-1.5460349321365356,-1.5292307138442993,-1.5131571292877197,-1.4876446723937988,-1.4591516256332397,-1.4286279678344727,-1.3929511308670044,-1.3514477014541626,-1.3053051233291626,-1.2498509883880615,-1.1865999698638916,-1.1212289333343506,-1.0541925430297852,-0.9897780418395996,-0.9286140203475952
0.3972892165184021,0.5192499160766602,0.5429413914680481,0.7497469782829285,0.9531272649765015,-1.7545756101608276,-2.3325798511505127,-1.6248464584350586,-1.2455205917358398,-0.9179090857505798,-0.7601023316383362,-0.5822169184684753,-0.309556245803833,0.011168939992785454,0.39604660868644714,0.6226598024368286,0.6161038279533386,0.49073857069015503,0.30276909470558167,-0.10400048643350601,-0.4918125569820404,-0.883973240852356,-0.9424886107444763,-0.9565646052360535,-1.21976637840271,-1.2674849033355713,-1.2495806217193604,-1.26121985912323,-1.295593500137329,-1.3416391611099243,-1.388651967048645,-1.4249366521835327,-1.458045244216919,-1.4661517143249512,-1.4566335678100586,-1.4308120012283325,-1.394546627998352,-1.3520225286483765,-1.305006742477417,-1.2584909200668335,-1.2128651142120361,-1.1674960851669312,-1.1235071420669556
-0.13629193603992462,-0.13404564559459686,-0.20992223918437958,0.06620343774557114,0.07409520447254181,-0.7175922989845276,-1.3298590183258057,-1.5278037786483765,-1.6692770719528198,-1.7587870359420776,-1.8992018699645996,-1.995252251625061,-1.9296072721481323,-1.7511208057403564,-1.3942257165908813,-0.9500678777694702,-0.646645724773407,-0.3824388086795807,-0.11285949498414993,0.15959593653678894,0.1701982021331787,0.04335670918226242,-0.02189742587506771,-0.21575893461704254,-0.7058767676353455,-0.7268599271774292,-0.8381114602088928,-0.8199235796928406,-0.7242410778999329,-0.7250198721885681,-0.8287641406059265,-0.9344953894615173,-1.0668525695800781,-1.2280237674713135,-1.3492388725280762,-1.4424341917037964,-1.5074288845062256,-1.5492039918899536,-1.5703942775726318,-1.5751527547836304,-1.5676854848861694,-1.5386358499526978,-1.4948923587799072
-0.5941216349601746,-0.5909492373466492,-0.6851794123649597,-0.5515334606170654,-0.5358395576477051,-0.8107650279998779,-0.9926815032958984,-1.260142207145691,-1.6310349702835083,-1.8627052307128906,-2.040257453918457,-2.181492805480957,-2.2306463718414307,-2.246558904647827,-2.1600918769836426,-1.9109266996383667,-1.630942940711975,-1.1070473194122314,-0.6488926410675049,-0.23720943927764893,-0.04006900638341904,-0.057503458112478256,-0.09577103704214096,-0.12411670386791229,-0.21489226818084717,-0.29877886176109314,-0.3125790059566498,-0.19552715122699738,-0.11643006652593613,-0.16322831809520721,-0.14264360070228577,0.03017701767385006,0.0022619664669036865,-0.6273301243782043,-1.067232608795166,-1.3478617668151855,-1.5247019529342651,-1.6478897333145142,-1.73579740524292,-1.7984987497329712,-1.8305699825286865,-1.826772928237915,-1.7913988828659058
-0.9154422879219055,-0.9299075603485107,-0.8644556999206543,-0.7168980240821838,-0.762021541595459,-0.8973761796951294,-1.0122509002685547,-1.2813283205032349,-1.61711847782135,-1.7754545211791992,-1.8185718059539795,-1.9426169395446777,-3.078232526779175,-2.9638984203338623,-1.8197169303894043,-2.68245530128479,-2.228242874145508,-1.6883330345153809,-1.3439171314239502,-0.9761775135993958,-0.5438640713691711,-0.29983091354370117,-0.2720530033111572,-0.16406066715717316,-0.1717718541622162,-0.30575281381607056,-0.3823818266391754,-0.3481561541557312,-0.3371267020702362,-0.38127654790878296,-0.3991163372993469,-0.28253790736198425,-0.0954754576086998,0.07415029406547546,-0.015112755820155144,-0.6110783815383911,-1.223998785018921,-1.505190372467041,-1.646754503250122,-1.735926866531372,-1.7841174602508545,-1.8036872148513794,-1.7845325469970703
-1.154465675354004,-1.3127163648605347,-1.0348488092422485,-0.9380765557289124,-1.0709493160247803,-1.6316816806793213,-3.2925515174865723,-3.6837573051452637,-3.7427945137023926,-3.8045356273651123,-3.8377432823181152,-3.846846580505371,-3.8290834426879883,-3.809507369995117,-3.7679874897003174,-3.6941914558410645,-3.4729197025299072,-2.977459192276001,-3.150571823120117,-2.682525634765625,-1.5706976652145386,-1.112703800201416,-0.7510232329368591,-0.42004287242889404,-0.09158173948526382,-0.16362741589546204,-0.4206674098968506,-0.4733860492706299,-0.4568656086921692,-0.4523388147354126,-0.474253386259079,-0.4166330099105835,-0.276555597782135,-0.2185082882642746,-0.09697625041007996,0.06166727840900421,-0.4210101068019867,-1.0345988273620605,-1.2889313697814941,-1.411047101020813,-1.4510692358016968,-1.4324698448181152,-1.354466438293457
-1.5006554126739502,-1.5959935188293457,-1.221000075340271,-1.3511935472488403,-1.5871226787567139,-3.0663206577301025,-3.262528657913208,-3.0857839584350586,-2.879964828491211,-2.687753200531006,-2.5428249835968018,-2.4497156143188477,-2.3899128437042236,-2.357128858566284,-2.3600399494171143,-2.4001410007476807,-2.4562220573425293,-2.5085740089416504,-2.5878870487213135,-2.7940211296081543,-2.3243792057037354,-1.5843210220336914,-1.2509777545928955,-0.9867437481880188,-0.7161332368850708,-0.5658392310142517,-0.50301194190979,-0.48280495405197144,-0.48778489232063293,-0.4112047851085663,-0.3806200623512268,-0.3466709554195404,-0.2863040566444397,-0.3724946677684784,-0.3340332508087158,-0.0025783509481698275,0.08149705082178116,-0.5586116909980774,-0.8364800214767456,-0.9196653962135315,-0.9255123138427734,-0.6603752970695496,-0.488203227519989
-3.3313498497009277,-1.7018446922302246,-1.70027494430542,-2.897404909133911,-3.058732509613037,-2.8172755241394043,-2.4866151809692383,-2.025843381881714,-1.6066856384277344,-1.276961088180542,-1.0457841157913208,-0.9014290571212769,-0.8263100385665894,-0.7896702885627747,-0.7697543501853943,-0.7782930135726929,-0.8456352949142456,-1.0034970045089722,-1.26815664768219,-1.6253968477249146,-2.0548977851867676,-2.4776124954223633,-2.144360065460205,-2.114330530166626,-1.5407582521438599,-1.086268663406372,-0.6015409231185913,-0.49905192852020264,-0.6817043423652649,-0.605855405330658,-0.45569828152656555,-0.37873780727386475,-0.28656211495399475,-0.25099262595176697,-0.19873136281967163,0.05773158743977547,0.23885002732276917,-0.07807867974042892,-0.26615384221076965,-0.44256964325904846,-0.5614281296730042,-0.18081757426261902,0.040608033537864685
-3.267962694168091,-2.7924113273620605,-2.7077674865722656,-2.620770215988159,-2.2729480266571045,-1.8356462717056274,-1.369122862815857,-0.8844704031944275,-0.44069841504096985,-0.07109323889017105,0.21287955343723297,0.4113796353340149,0.5202189087867737,0.5630557537078857,0.5947324633598328,0.6243282556533813,0.6206924915313721,0.5331857800483704,0.313303142786026,-0.05500396713614464,-0.5239279270172119,-0.9774248003959656,-1.288432240486145,-1.4479780197143555,-1.9004292488098145,-1.1097044944763184,-0.8316007256507874,-0.6847825646400452,-0.8360288739204407,-0.9127877950668335,-0.914786159992218,-0.7457396984100342,-0.2541656792163849,0.016584618017077446,-0.010376717895269394,0.22610774636268616,0.5096139907836914,0.6074330806732178,0.2803071439266205,0.01908557489514351,-0.3837651312351227,-0.1288934350013733,0.08385823667049408
-2.54607892036438,-2.211181879043579,-1.8684322834014893,-1.4714045524597168,-1.033576250076294,-0.5954226851463318,-0.1617843210697174,0.2600325644016266,0.6577544808387756,1.0195385217666626,1.318442940711975,1.542476773262024,1.6832334995269775,1.7455178499221802,1.763302206993103,1.7837828397750854,1.8041446208953857,1.7859060764312744,1.669343113899231,1.4091604948043823,1.0377141237258911,0.6284202337265015,0.2450147122144699,-0.08340857177972794,-0.5156922936439514,-1.0412606000900269,-1.0458776950836182,-1.4599534273147583,-1.834492564201355,-1.7589751482009888,-1.5072017908096313,-1.3627727031707764,-0.34675928950309753,0.39349403977394104,0.41583025455474854,0.44820529222488403,0.6911682486534119,1.2182378768920898,0.9005764722824097,0.6163421273231506,-0.023142870515584946,0.03260204195976257,0.19837839901447296
-1.3388241529464722,-1.008388876914978,-0.6631979942321777,-0.25168561935424805,0.17792055010795593,0.5780512690544128,0.9554752111434937,1.3184475898742676,1.6574907302856445,1.9609181880950928,2.2133395671844482,2.4132025241851807,2.5592613220214844,2.6282260417938232,2.6251606941223145,2.609067916870117,2.6070828437805176,2.6274938583374023,2.6158716678619385,2.499720811843872,2.274341344833374,1.984349012374878,1.7001646757125854,1.4539858102798462,1.1889848709106445,0.8348674774169922,0.4712733328342438,0.24245122075080872,0.18517418205738068,0.2579774260520935,0.5138444900512695,-0.24906298518180847,-0.08448921144008636,0.6830536127090454,0.7947523593902588,0.7367852926254272,0.9064295291900635,1.743545413017273,1.5954393148422241,1.2537177801132202,0.29261696338653564,0.24077199399471283,0.404233455657959
-0.049185048788785934,0.23361581563949585,0.5458433628082275,0.9127309322357178,1.2912501096725464,1.6432287693023682,1.9665838479995728,2.2742016315460205,2.5337860584259033,2.743022918701172,2.917836904525757,3.076331615447998,3.2001984119415283,3.255906581878662,3.2288200855255127,3.165898323059082,3.1125426292419434,3.128408908843994,3.1889963150024414,3.2066564559936523,3.1352672576904297,2.998401403427124,2.8608624935150146,2.778383493423462,2.7140448093414307,2.576686143875122,2.3669261932373047,2.1657638549804688,2.0485525131225586,1.9946800470352173,2.0371298789978027,1.0348823070526123,0.2785857915878296,0.6212652325630188,0.8653960227966309,1.0584523677825928,1.20094895362854,2.2780532836914062,2.3889801502227783,1.9957387447357178,0.7141523957252502,0.43477663397789,0.5780559778213501
1.178470253944397,1.4386281967163086,1.718201756477356,2.0360918045043945,2.3548288345336914,2.6414482593536377,2.8865723609924316,3.098792552947998,3.2679216861724854,3.39399790763855,3.51033353805542,3.629831552505493,3.7215354442596436,3.739983558654785,3.6761131286621094,3.588641881942749,3.5240116119384766,3.5347654819488525,3.6336424350738525,3.7425057888031006,3.787356376647949,3.7582268714904785,3.7257680892944336,3.765882968902588,3.847534418106079,3.878856897354126,3.8138561248779297,3.656888723373413,3.4577457904815674,3.2303192615509033,2.969356060028076,1.8155099153518677,0.5395705103874207,0.7120780944824219,0.9947817325592041,1.2900307178497314,1.4650644063949585,2.9231576919555664,3.320040464401245,3.032444715499878,1.841063141822815,0.6584374308586121,0.7081875801086426
2.3312041759490967,2.5532093048095703,2.803093671798706,3.081936836242676,3.3377163410186768,3.53432559967041,3.665834665298462,3.7730448246002197,3.862161159515381,3.937634229660034,4.026158809661865,4.117098808288574,4.1732988357543945,4.173515319824219,4.1245927810668945,4.082961082458496,4.081925868988037,4.123698711395264,4.222275257110596,4.339869499206543,4.433740615844727,4.474422454833984,4.502002716064453,4.58180046081543,4.7104172706604,4.834634780883789,4.899040699005127,4.8158040046691895,4.576878547668457,4.231212139129639,3.7974376678466797,2.717219829559326,0.8849229216575623,0.8665385246276855,1.1916345357894897,1.4622063636779785,1.6950255632400513,3.381641387939453,4.164661884307861,4.111932754516602,3.266489267349243,1.1332989931106567,0.9057009816169739
3.369271755218506,3.5330071449279785,3.742363691329956,3.9663610458374023,4.146595478057861,4.238224029541016,4.283251762390137,4.310173034667969,4.338515758514404,4.379608154296875,4.442452430725098,4.511402130126953,4.560992240905762,4.596088409423828,4.6380615234375,4.704349994659424,4.803947925567627,4.889977931976318,4.956357002258301,5.019054412841797,5.101362705230713,5.173159122467041,5.215234756469727,5.267992973327637,5.34561014175415,5.430533409118652,5.504498481750488,5.519178867340088,5.364207744598389,5.0025177001953125,4.4884819984436035,3.7009944915771484,1.6476486921310425,1.0919262170791626,1.4218833446502686,1.6040321588516235,1.7805184125900269,2.374218463897705,4.433915138244629,4.794930934906006,4.268508434295654,1.972487211227417,1.1614290475845337
4.234787464141846,4.323131561279297,4.446686744689941,4.572068691253662,4.664943695068359,4.691430568695068,4.697358131408691,4.708077430725098,4.713375568389893,4.723944187164307,4.760959148406982,4.809940814971924,4.871230125427246,4.969197750091553,5.114332675933838,5.277165412902832,5.425073623657227,5.521075248718262,5.587773323059082,5.6384782791137695,5.697413921356201,5.758101463317871,5.783438205718994,5.771948337554932,5.757286071777344,5.7519636154174805,5.7633795738220215,5.810329914093018,5.775332450866699,5.49843168258667,5.0038580894470215,4.459018707275391,2.6262409687042236,1.3484457731246948,1.49871826171875,1.6680278778076172,1.8403962850570679,2.008561849594116,3.115633010864258,4.6986403465271,4.761717796325684,2.4359638690948486,1.2368733882904053
